0 0.290026 0.131370 0.091182 0.060817
0 0.549872 0.140865 0.080051 0.057692
0 0.888057 0.273197 0.088613 0.056010
0 0.685360 0.354928 0.094178 0.056010
0 0.870933 0.406130 0.082620 0.059375
0 0.639555 0.478245 0.094178 0.046394
0 0.686858 0.572837 0.062928 0.049519
0 0.695420 0.757933 0.074058 0.054327
0 0.857877 0.700240 0.085616 0.048077
0 0.177440 0.726683 0.082620 0.062500
0 0.275899 0.397356 0.080051 0.048077
0 0.070420 0.306010 0.091182 0.048077
0 0.261558 0.275601 0.079623 0.044952
1 0.046019 0.117668 0.071490 0.065625
1 0.478596 0.276322 0.085616 0.056010
1 0.759632 0.142548 0.088613 0.057692
1 0.477098 0.415745 0.071490 0.056010
1 0.857877 0.519952 0.085616 0.046635
1 0.257277 0.509495 0.083048 0.041587
1 0.057363 0.537620 0.077055 0.049760
1 0.243151 0.620913 0.077055 0.059135
1 0.546875 0.725841 0.097175 0.051202
2 0.090325 0.422115 0.091610 0.052885
2 0.054580 0.643389 0.071490 0.046394
2 0.389983 0.668149 0.074486 0.044952
2 0.696704 0.660937 0.082620 0.049760
2 0.843750 0.614543 0.091610 0.046394
2 0.475599 0.522356 0.068493 0.051442
3 0.537029 0.604928 0.065497 0.046394
3 0.849529 0.793990 0.091182 0.049519
2 0.542808 0.806010 0.077055 0.048077
