0 0.094606 0.073678 0.088185 0.070433
0 0.354452 0.065625 0.111301 0.063942
0 0.585402 0.073678 0.105736 0.070433
0 0.949058 0.185577 0.101884 0.057212
0 0.930651 0.321274 0.077055 0.046394
0 0.751070 0.398197 0.065497 0.065625
0 0.374358 0.332452 0.082620 0.056250
0 0.518408 0.446274 0.074486 0.059375
0 0.723887 0.506250 0.079623 0.048077
0 0.317209 0.432692 0.083048 0.048077
0 0.268622 0.656971 0.099743 0.057692
0 0.445634 0.728245 0.088185 0.049760
0 0.768193 0.684255 0.082620 0.054567
0 0.916524 0.621755 0.094178 0.054567
0 0.778039 0.792428 0.097175 0.059375
0 0.826627 0.863702 0.096747 0.041827
0 0.659675 0.877284 0.094178 0.056010
0 0.506849 0.825962 0.085616 0.052885
0 0.348459 0.885337 0.094178 0.059135
0 0.163099 0.894231 0.083048 0.067308
3 0.927868 0.714663 0.082620 0.048077
3 0.559717 0.535216 0.071490 0.044952
2 0.621147 0.728245 0.091610 0.040144
2 0.762414 0.592788 0.100171 0.048077
2 0.913741 0.537500 0.082620 0.052885
2 0.446918 0.592909 0.085616 0.044952
2 0.134632 0.580889 0.088613 0.056010
2 0.153039 0.718630 0.080051 0.040144
2 0.574058 0.343630 0.077055 0.046394
2 0.782534 0.107212 0.094178 0.057692
1 0.312928 0.191466 0.079623 0.059375
1 0.563998 0.213101 0.091182 0.060817
1 0.748288 0.279567 0.077055 0.059135
1 0.113014 0.244351 0.102740 0.046394
1 0.147260 0.352404 0.085616 0.048077
1 0.134632 0.469471 0.088613 0.048077
1 0.301584 0.535937 0.080051 0.049760
1 0.609589 0.644231 0.102740 0.038462
1 0.290026 0.790745 0.074058 0.059375
1 0.925086 0.798798 0.088185 0.049519
1 0.941781 0.436178 0.116438 0.045433
