2 0.464663 0.498288 0.043269 0.077055
2 0.540745 0.128853 0.044952 0.079623
2 0.593750 0.260274 0.048077 0.085616
2 0.733053 0.417166 0.044952 0.074058
2 0.604087 0.563998 0.043269 0.082620
2 0.730649 0.880779 0.049760 0.082620
2 0.585697 0.898116 0.051202 0.094178
2 0.367788 0.883562 0.048077 0.094178
3 0.543990 0.429795 0.035096 0.077055
3 0.710577 0.123288 0.038462 0.085616
0 0.893269 0.673801 0.048077 0.085616
0 0.733053 0.582620 0.044952 0.085616
0 0.658534 0.763913 0.046394 0.082620
0 0.825240 0.522688 0.049519 0.091610
0 0.878966 0.362800 0.051202 0.080051
0 0.795553 0.252997 0.044952 0.077055
0 0.864543 0.207192 0.041587 0.077055
0 0.684255 0.260060 0.036779 0.080051
0 0.626563 0.114512 0.036779 0.080051
0 0.502284 0.284247 0.035337 0.077055
0 0.412620 0.325771 0.041587 0.079623
0 0.337981 0.118793 0.052885 0.116866
0 0.205048 0.094606 0.049519 0.102740
0 0.282813 0.285959 0.051202 0.102740
0 0.335697 0.683861 0.044952 0.088613
0 0.250120 0.902183 0.056010 0.091182
0 0.221034 0.709546 0.049760 0.082620
0 0.073438 0.684075 0.059375 0.077055
0 0.086538 0.435574 0.072115 0.088613
1 0.080048 0.241652 0.052885 0.088613
1 0.217909 0.500000 0.049760 0.102740
1 0.350120 0.484161 0.041587 0.083048
1 0.449399 0.114512 0.044952 0.091182
1 0.652885 0.394264 0.038462 0.085616
1 0.799639 0.108947 0.036779 0.091182
1 0.806010 0.732449 0.059135 0.083048
1 0.059255 0.937928 0.068990 0.100171
1 0.449519 0.708262 0.048077 0.097175
1 0.476683 0.893622 0.054327 0.097175
1 0.559255 0.711045 0.056010 0.096747
