0 0.071704 0.096875 0.088613 0.046635
0 0.090325 0.225962 0.085616 0.057692
0 0.304366 0.256250 0.085616 0.048077
0 0.518408 0.209856 0.085616 0.063942
0 0.686858 0.091226 0.097175 0.064183
0 0.830908 0.200240 0.088185 0.048077
0 0.833904 0.318750 0.094178 0.057692
0 0.464255 0.336418 0.080051 0.051202
0 0.290240 0.375721 0.085616 0.052885
0 0.455693 0.435817 0.091182 0.051442
0 0.619863 0.398077 0.077055 0.052885
0 0.622432 0.489423 0.077055 0.043269
0 0.247217 0.624880 0.097175 0.051202
0 0.823630 0.581731 0.085616 0.048077
0 0.683861 0.651442 0.080051 0.043269
0 0.163099 0.826923 0.077055 0.048077
0 0.367080 0.828486 0.080051 0.051202
0 0.538527 0.802764 0.085616 0.064183
0 0.695420 0.754687 0.080051 0.060817
0 0.763699 0.818870 0.085616 0.041587
1 0.291524 0.125000 0.088185 0.048077
1 0.107449 0.350962 0.102740 0.048077
1 0.110231 0.453486 0.108305 0.044952
1 0.292808 0.471154 0.085616 0.048077
1 0.656892 0.298798 0.088613 0.049519
1 0.792380 0.415745 0.096747 0.049760
1 0.532534 0.612981 0.085616 0.043269
1 0.388699 0.697115 0.094178 0.048077
1 0.244435 0.750000 0.096747 0.048077
1 0.849315 0.752284 0.085616 0.056010
2 0.484161 0.102524 0.113870 0.054567
2 0.140197 0.549639 0.088613 0.041587
2 0.348673 0.551202 0.071490 0.051442
2 0.491224 0.519231 0.082620 0.048077
2 0.768193 0.505529 0.082620 0.049519
2 0.563998 0.695433 0.091182 0.051442
2 0.134632 0.684976 0.105736 0.056010
3 0.686858 0.576082 0.091182 0.049760
3 0.835188 0.664183 0.079623 0.049519
