1 0.071704 0.108173 0.105736 0.062500
1 0.786815 0.121755 0.085616 0.054567
1 0.508562 0.265144 0.094178 0.049519
1 0.519692 0.399760 0.077055 0.052885
1 0.897902 0.503966 0.091182 0.046394
1 0.281464 0.499880 0.091182 0.044952
1 0.098887 0.530288 0.102740 0.048077
1 0.271618 0.601683 0.088613 0.056250
1 0.585402 0.710577 0.099743 0.043269
1 0.232877 0.851683 0.085616 0.065865
3 0.892337 0.772356 0.080051 0.054327
3 0.576841 0.592067 0.082620 0.043269
2 0.879495 0.597596 0.071490 0.048077
2 0.735231 0.646514 0.080051 0.046394
2 0.579623 0.791587 0.077055 0.054327
2 0.428510 0.659375 0.083048 0.043269
2 0.505565 0.510337 0.071062 0.046635
2 0.091824 0.638582 0.082620 0.040144
2 0.116010 0.411779 0.068493 0.041827
2 0.101670 0.778726 0.074058 0.044952
0 0.096104 0.297957 0.080051 0.044952
0 0.287029 0.270793 0.074058 0.044952
0 0.322774 0.120913 0.094178 0.068750
0 0.569563 0.121635 0.108305 0.048077
0 0.925086 0.253846 0.094178 0.052885
0 0.722389 0.339663 0.082620 0.057692
0 0.903682 0.387740 0.074486 0.054327
0 0.675514 0.464663 0.085616 0.041827
0 0.721104 0.553606 0.056935 0.046635
0 0.887842 0.684976 0.077055 0.046394
0 0.732449 0.738702 0.057363 0.041827
0 0.388485 0.801202 0.082620 0.051442
0 0.223031 0.720313 0.088185 0.049760
0 0.309932 0.382933 0.085616 0.044712
