0 0.211687 0.815625 0.071490 0.051442
0 0.364298 0.803606 0.079623 0.052885
0 0.505565 0.748317 0.077055 0.051442
0 0.644050 0.795553 0.074058 0.046394
0 0.783818 0.782813 0.091610 0.049760
0 0.738014 0.719471 0.102740 0.048077
0 0.728168 0.622476 0.083048 0.040144
0 0.863870 0.572837 0.085616 0.043269
0 0.301584 0.597716 0.091182 0.041587
0 0.681079 0.471875 0.096747 0.039904
0 0.523973 0.415024 0.085616 0.041587
0 0.348673 0.381250 0.082620 0.038462
0 0.706764 0.382212 0.074486 0.043269
0 0.892337 0.306010 0.080051 0.048077
0 0.886558 0.190625 0.091610 0.048077
0 0.508348 0.080769 0.082620 0.043269
0 0.168878 0.076082 0.088613 0.049760
3 0.869435 0.648918 0.079623 0.041587
3 0.532534 0.494351 0.085616 0.036779
2 0.596961 0.656130 0.082620 0.036779
2 0.718108 0.543990 0.080051 0.046635
2 0.853810 0.495192 0.088613 0.048077
2 0.425514 0.548077 0.077055 0.038462
2 0.188784 0.527163 0.094178 0.035096
2 0.193065 0.659375 0.062500 0.043269
2 0.565497 0.330889 0.077055 0.036779
2 0.682577 0.116106 0.088613 0.049519
1 0.872432 0.721875 0.068493 0.049519
1 0.307149 0.723558 0.091182 0.043269
1 0.455693 0.668990 0.091182 0.049519
1 0.595462 0.585697 0.091610 0.040144
1 0.873716 0.400481 0.088185 0.038462
1 0.721104 0.278846 0.080051 0.038462
1 0.347175 0.479808 0.079623 0.043269
1 0.194563 0.431010 0.082620 0.044712
1 0.197346 0.330048 0.094178 0.051442
1 0.180223 0.225000 0.088185 0.043269
1 0.388699 0.190625 0.077055 0.051442
