0 0.084546 0.069591 0.091182 0.046394
0 0.709546 0.084856 0.080051 0.054327
0 0.317209 0.240385 0.083048 0.057692
0 0.534033 0.203486 0.071490 0.060817
0 0.836687 0.199519 0.088613 0.062500
0 0.469820 0.330048 0.062928 0.044712
0 0.281464 0.359736 0.062928 0.046394
0 0.449914 0.428606 0.085616 0.039904
0 0.626712 0.394952 0.085616 0.052885
0 0.616866 0.487981 0.094178 0.052885
0 0.224529 0.619351 0.080051 0.049760
0 0.673801 0.649038 0.077055 0.048077
0 0.809503 0.584014 0.096747 0.049760
0 0.674015 0.749880 0.082620 0.054567
0 0.739512 0.818029 0.054366 0.049519
0 0.515625 0.794712 0.080051 0.057692
0 0.341396 0.821995 0.074058 0.054567
0 0.138913 0.823558 0.097175 0.048077
1 0.305865 0.108053 0.099743 0.056010
1 0.118793 0.253966 0.074058 0.046394
1 0.097389 0.354928 0.088613 0.046394
1 0.277397 0.458293 0.094178 0.044952
1 0.089041 0.455048 0.094178 0.054327
1 0.518408 0.607332 0.074486 0.051202
1 0.379923 0.693029 0.105736 0.049519
1 0.227312 0.744231 0.119863 0.043269
1 0.823630 0.749038 0.068493 0.052885
1 0.658176 0.293269 0.074058 0.048077
1 0.789384 0.416587 0.085616 0.054327
2 0.504067 0.092909 0.097175 0.054567
2 0.481378 0.519952 0.080051 0.049519
2 0.756635 0.507212 0.082620 0.052885
2 0.126070 0.547115 0.088613 0.043269
2 0.335830 0.543149 0.097175 0.044952
2 0.117295 0.677043 0.094178 0.040144
2 0.538527 0.689063 0.068493 0.044952
3 0.676798 0.575240 0.094178 0.044712
3 0.815283 0.662500 0.074058 0.052885
