1 0.058861 0.071995 0.091182 0.060817
1 0.782534 0.081731 0.077055 0.048077
1 0.516909 0.237139 0.116866 0.051202
1 0.528467 0.366106 0.065497 0.046635
1 0.902183 0.463822 0.088613 0.040144
1 0.295805 0.465505 0.091610 0.036779
1 0.100171 0.498317 0.077055 0.044712
1 0.298801 0.580048 0.085616 0.032212
1 0.611087 0.675481 0.088613 0.043269
1 0.265839 0.827644 0.071062 0.052885
1 0.906464 0.819591 0.080051 0.056010
3 0.588399 0.561659 0.105736 0.049760
3 0.909461 0.731490 0.080051 0.049519
0 0.315711 0.081731 0.097175 0.057692
0 0.569777 0.087260 0.096747 0.052885
0 0.284461 0.236298 0.091182 0.046635
0 0.087329 0.262740 0.085616 0.048077
0 0.317209 0.357332 0.088185 0.060817
0 0.725171 0.303606 0.094178 0.052885
0 0.913741 0.213822 0.105736 0.046394
0 0.913527 0.349279 0.094178 0.051442
0 0.678296 0.428606 0.091182 0.043269
0 0.723887 0.521514 0.102740 0.056010
0 0.900899 0.647356 0.091182 0.048077
0 0.749572 0.703486 0.068493 0.041587
0 0.766695 0.821274 0.085616 0.059375
0 0.808005 0.887740 0.088613 0.048077
0 0.649615 0.904567 0.114298 0.052885
0 0.425728 0.767548 0.105736 0.061058
0 0.235873 0.684255 0.085616 0.041587
2 0.121789 0.384495 0.097175 0.051202
2 0.515625 0.477524 0.074058 0.041587
2 0.748288 0.611298 0.077055 0.052885
2 0.897902 0.558413 0.091182 0.052885
2 0.111729 0.616947 0.100171 0.044952
2 0.127354 0.749880 0.091182 0.051202
