2 0.164384 0.412500 0.085616 0.052885
2 0.130351 0.632091 0.097175 0.049760
2 0.542808 0.501563 0.094178 0.041587
2 0.922303 0.587981 0.088613 0.048077
2 0.778039 0.635337 0.080051 0.046635
2 0.475599 0.648197 0.062500 0.049760
2 0.625428 0.775601 0.083048 0.060817
2 0.153253 0.771514 0.085616 0.049760
1 0.113228 0.106490 0.108305 0.065865
1 0.547089 0.259615 0.085616 0.048077
1 0.803724 0.116106 0.080051 0.049519
1 0.561216 0.392548 0.085616 0.048077
1 0.937928 0.493510 0.079623 0.051442
1 0.331550 0.494231 0.071490 0.052885
1 0.145976 0.524760 0.105308 0.052885
1 0.330051 0.597716 0.091610 0.060817
1 0.636772 0.694591 0.088613 0.059375
1 0.923587 0.840505 0.091182 0.056010
1 0.295805 0.850120 0.062500 0.059375
3 0.613870 0.581731 0.077055 0.048077
3 0.927868 0.758654 0.082620 0.043269
0 0.355736 0.110457 0.091610 0.060817
0 0.608305 0.120072 0.077055 0.064183
0 0.956550 0.245072 0.082620 0.051202
0 0.756849 0.333293 0.077055 0.054567
0 0.940925 0.378846 0.068493 0.052885
0 0.715325 0.459856 0.074486 0.048077
0 0.752354 0.545553 0.074058 0.046394
0 0.928082 0.668149 0.077055 0.051202
0 0.776755 0.730769 0.088613 0.048077
0 0.783818 0.839663 0.074486 0.054327
0 0.826627 0.907813 0.068493 0.056010
0 0.448416 0.795673 0.065497 0.052885
0 0.264341 0.705048 0.074058 0.048077
0 0.342894 0.381370 0.077055 0.044952
0 0.328553 0.262740 0.065497 0.048077
0 0.130351 0.298077 0.091182 0.048077
