1 0.068921 0.092067 0.094178 0.049519
1 0.783818 0.099279 0.096747 0.051442
1 0.528467 0.247476 0.099743 0.049760
1 0.537029 0.382091 0.088613 0.049760
1 0.933647 0.483894 0.088185 0.044712
1 0.318707 0.485457 0.097175 0.044952
1 0.124572 0.520793 0.085616 0.041587
1 0.317209 0.588822 0.100171 0.049760
1 0.628211 0.689904 0.122860 0.052885
1 0.937928 0.842067 0.091610 0.056250
1 0.278682 0.842788 0.074486 0.048077
3 0.599743 0.572837 0.077055 0.037019
3 0.927868 0.751563 0.071490 0.041587
0 0.331550 0.108053 0.105736 0.056010
0 0.584118 0.105649 0.091182 0.054567
0 0.934932 0.226683 0.085616 0.056250
0 0.739726 0.317188 0.094178 0.054567
0 0.927868 0.362861 0.088613 0.049760
0 0.698202 0.443029 0.074486 0.043269
0 0.746789 0.535096 0.080051 0.048077
0 0.776541 0.716346 0.077055 0.048077
0 0.929366 0.661779 0.068493 0.041827
0 0.825128 0.899760 0.065497 0.049519
0 0.438570 0.793269 0.080051 0.057692
0 0.268836 0.701803 0.094178 0.054567
0 0.330051 0.375721 0.079623 0.052885
0 0.117509 0.288462 0.116866 0.057692
0 0.307149 0.253125 0.080051 0.054327
2 0.145976 0.403846 0.083048 0.057692
2 0.532748 0.494351 0.080051 0.046394
2 0.913527 0.571154 0.094178 0.043269
2 0.773973 0.626563 0.094178 0.051202
2 0.621147 0.769231 0.062500 0.048077
2 0.456978 0.637620 0.071490 0.044952
2 0.128853 0.628125 0.094178 0.051442
2 0.153253 0.766707 0.068493 0.049760
