0 0.120913 0.288741 0.054327 0.097175
0 0.217067 0.143193 0.038462 0.114298
0 0.339663 0.145976 0.039904 0.085616
0 0.311659 0.331550 0.054567 0.108305
0 0.230649 0.469820 0.056010 0.088613
0 0.354087 0.539812 0.052885 0.096747
0 0.405409 0.375642 0.056010 0.088613
0 0.266707 0.688142 0.060817 0.097175
0 0.241106 0.910959 0.061058 0.102740
0 0.110457 0.925086 0.068990 0.091610
0 0.385337 0.699700 0.057692 0.097175
0 0.448678 0.523973 0.056010 0.094178
0 0.506370 0.389983 0.056010 0.088185
0 0.605649 0.181721 0.046394 0.105736
0 0.675481 0.305865 0.048077 0.091182
0 0.784375 0.291524 0.061058 0.096747
0 0.830048 0.457192 0.059135 0.085616
0 0.655288 0.612586 0.052885 0.071062
0 0.738702 0.725385 0.056250 0.091182
0 0.573558 0.867937 0.052885 0.091182
2 0.115264 0.504067 0.049760 0.088613
2 0.541587 0.518408 0.049519 0.088185
2 0.528005 0.245933 0.044952 0.080051
2 0.719471 0.448416 0.043269 0.074058
2 0.571274 0.665240 0.044952 0.085616
2 0.638582 0.759632 0.044952 0.091182
2 0.696274 0.880993 0.051202 0.094178
1 0.370072 0.880993 0.049760 0.094178
1 0.470192 0.893836 0.048077 0.102740
1 0.489543 0.715325 0.051202 0.088185
1 0.131250 0.695205 0.043269 0.094178
1 0.443870 0.205908 0.046394 0.096747
1 0.639303 0.471318 0.046394 0.091610
1 0.874038 0.660959 0.048077 0.111301
1 0.874038 0.862158 0.057692 0.102740
3 0.595313 0.319991 0.044952 0.074058
3 0.696274 0.156036 0.041587 0.088613
1 0.786058 0.154538 0.038462 0.091610
