1 0.126070 0.200962 0.082620 0.043269
1 0.295805 0.136899 0.074486 0.056010
1 0.137414 0.302043 0.077055 0.049760
1 0.133134 0.410938 0.068493 0.046394
1 0.669735 0.252404 0.080051 0.052885
1 0.830908 0.380529 0.094178 0.043269
1 0.301584 0.463101 0.091182 0.044952
1 0.545377 0.567308 0.077055 0.048077
1 0.843750 0.706731 0.091610 0.048077
1 0.411387 0.647356 0.077055 0.048077
1 0.270120 0.707452 0.085616 0.046635
3 0.502568 0.482212 0.059932 0.048077
3 0.832406 0.625721 0.074058 0.043269
2 0.561216 0.647356 0.068493 0.041827
2 0.688142 0.526322 0.054366 0.040144
2 0.141695 0.507933 0.074486 0.051442
2 0.381421 0.533534 0.074486 0.035337
2 0.138913 0.640865 0.080051 0.038462
2 0.525471 0.311659 0.071490 0.046394
2 0.633990 0.094471 0.059932 0.051442
0 0.110231 0.047957 0.080051 0.051202
0 0.461259 0.052764 0.091182 0.051202
0 0.539812 0.167428 0.071062 0.049760
0 0.839469 0.165745 0.088185 0.049760
0 0.839469 0.281971 0.083048 0.048077
0 0.370077 0.250721 0.091182 0.043269
0 0.293022 0.364543 0.074058 0.046394
0 0.476884 0.390865 0.094178 0.038462
0 0.663955 0.362139 0.062500 0.044952
0 0.649615 0.454327 0.056935 0.043269
0 0.823844 0.540745 0.080051 0.040144
0 0.686644 0.601683 0.068493 0.043269
0 0.705265 0.701803 0.065497 0.054567
0 0.759632 0.770793 0.065497 0.044952
0 0.611087 0.782692 0.082620 0.052885
0 0.462757 0.736298 0.077055 0.052885
0 0.331550 0.789183 0.082620 0.049519
0 0.155822 0.801202 0.085616 0.054327
0 0.254281 0.584014 0.077055 0.056010
