1 0.061858 0.125000 0.080051 0.057692
1 0.753853 0.152163 0.065925 0.048077
1 0.491224 0.285938 0.082620 0.056010
1 0.488442 0.417428 0.088185 0.046394
1 0.857877 0.520793 0.085616 0.051202
1 0.268622 0.512740 0.099743 0.044712
1 0.063356 0.538341 0.077055 0.044952
1 0.250214 0.617788 0.097175 0.052885
1 0.563998 0.725120 0.080051 0.049760
3 0.856592 0.796394 0.083048 0.051442
3 0.549872 0.609615 0.080051 0.043269
2 0.840753 0.615264 0.102740 0.044952
2 0.481378 0.526322 0.080051 0.046394
2 0.098887 0.424519 0.096747 0.038462
2 0.051798 0.648918 0.094178 0.051202
2 0.549872 0.811538 0.074058 0.052885
2 0.401327 0.673798 0.091182 0.049519
0 0.307363 0.141707 0.085616 0.065625
0 0.277183 0.285096 0.071490 0.048077
0 0.285745 0.398077 0.088613 0.043269
0 0.078981 0.309976 0.074058 0.056010
0 0.699700 0.360457 0.082620 0.054567
0 0.890839 0.280288 0.077055 0.057692
0 0.553938 0.148197 0.077055 0.056010
0 0.194563 0.734736 0.071490 0.056010
0 0.355736 0.825240 0.085616 0.063942
0 0.702483 0.762740 0.083048 0.051442
0 0.860873 0.703365 0.074486 0.048077
0 0.689640 0.574399 0.079623 0.049760
0 0.649615 0.482212 0.074058 0.048077
0 0.872217 0.411779 0.074058 0.057692
