2 0.127354 0.599279 0.062928 0.041827
2 0.495505 0.483894 0.074058 0.048077
2 0.532748 0.358053 0.074058 0.040144
2 0.890839 0.550361 0.083048 0.036779
2 0.758134 0.597716 0.074486 0.041587
2 0.602526 0.742668 0.082620 0.040144
2 0.455693 0.615264 0.074058 0.035337
2 0.153039 0.738702 0.074058 0.041827
3 0.589683 0.550361 0.062928 0.040144
3 0.905180 0.714663 0.082620 0.041827
1 0.070420 0.078486 0.097175 0.051202
1 0.758134 0.096154 0.068493 0.057692
1 0.518408 0.231490 0.085616 0.056250
1 0.337115 0.349279 0.082620 0.044712
1 0.148973 0.381370 0.094178 0.044952
1 0.899401 0.455769 0.083048 0.052885
1 0.312928 0.455048 0.068493 0.048077
1 0.117509 0.492668 0.071490 0.046394
1 0.623930 0.656971 0.074058 0.044712
1 0.288527 0.808413 0.077055 0.056250
1 0.922303 0.806851 0.082620 0.049760
0 0.322988 0.098437 0.088613 0.065625
0 0.566995 0.096875 0.074058 0.056250
0 0.906464 0.213101 0.091182 0.054567
0 0.721104 0.295673 0.080051 0.052885
0 0.887842 0.341346 0.094178 0.057692
0 0.666738 0.419712 0.080051 0.048077
0 0.728168 0.507933 0.094178 0.054327
0 0.294307 0.239543 0.071490 0.046394
0 0.108947 0.268389 0.082620 0.046394
0 0.906464 0.632091 0.080051 0.046394
0 0.759632 0.689784 0.071490 0.040144
0 0.314426 0.563221 0.071490 0.046635
0 0.258562 0.671394 0.085616 0.048077
0 0.439854 0.748317 0.071490 0.044712
0 0.772260 0.803606 0.085616 0.046635
0 0.818065 0.870913 0.085616 0.046635
0 0.663955 0.887740 0.085616 0.051442
0 0.498288 0.837260 0.068493 0.052885
0 0.354238 0.900601 0.071490 0.051202
0 0.168664 0.911779 0.059932 0.054327
