1 0.076199 0.084014 0.102740 0.059375
1 0.107449 0.273918 0.074486 0.054567
1 0.494007 0.231490 0.094178 0.043269
1 0.120291 0.385337 0.100171 0.056250
1 0.107449 0.489423 0.079623 0.052885
1 0.288527 0.559976 0.077055 0.046394
1 0.751070 0.091226 0.071490 0.054567
1 0.872217 0.453365 0.074058 0.048077
1 0.596961 0.652163 0.088613 0.044712
1 0.261558 0.793269 0.074486 0.048077
1 0.873716 0.797957 0.083048 0.054567
3 0.569777 0.543990 0.085616 0.043269
3 0.875214 0.711418 0.080051 0.041587
2 0.859375 0.543990 0.071490 0.049519
2 0.723887 0.592909 0.068493 0.041587
2 0.481164 0.474279 0.068493 0.048077
2 0.499786 0.361298 0.065497 0.049519
2 0.113228 0.589663 0.080051 0.048077
2 0.438570 0.610577 0.074058 0.048077
2 0.572560 0.731490 0.074058 0.049519
2 0.133134 0.721875 0.096747 0.052885
0 0.312928 0.103365 0.096747 0.052885
0 0.552654 0.097716 0.079623 0.060817
0 0.889555 0.213822 0.085616 0.056010
0 0.695420 0.295553 0.080051 0.056010
0 0.873716 0.345313 0.088185 0.056010
0 0.291524 0.244351 0.083048 0.056010
0 0.301370 0.353245 0.085616 0.036779
0 0.304366 0.459856 0.091610 0.044712
0 0.636986 0.418269 0.077055 0.048077
0 0.700985 0.507091 0.091182 0.046394
0 0.240154 0.662500 0.105308 0.043269
0 0.409889 0.741106 0.097175 0.052885
0 0.730950 0.689063 0.071490 0.054567
0 0.865154 0.627404 0.083048 0.043269
0 0.730950 0.793990 0.082620 0.046635
0 0.782320 0.861298 0.088613 0.052885
0 0.623930 0.876442 0.080051 0.048077
0 0.457192 0.825962 0.077055 0.052885
0 0.315925 0.887740 0.102740 0.054327
0 0.130351 0.888462 0.080051 0.043269
