1 0.093108 0.096875 0.097175 0.056250
1 0.141695 0.269952 0.079623 0.043269
1 0.505565 0.229928 0.088185 0.059375
1 0.729666 0.100841 0.062928 0.044952
1 0.138913 0.373317 0.062928 0.041827
1 0.124572 0.478245 0.079623 0.040144
1 0.303082 0.556851 0.077055 0.040144
1 0.609589 0.629808 0.085616 0.038462
1 0.846533 0.440625 0.080051 0.044712
1 0.879495 0.768269 0.054366 0.033654
1 0.279966 0.769231 0.077055 0.038462
3 0.870933 0.685817 0.071490 0.041827
3 0.532534 0.529567 0.068493 0.039904
2 0.848031 0.526322 0.077055 0.046394
2 0.726884 0.572837 0.085616 0.039904
2 0.584118 0.707452 0.074058 0.043269
2 0.449914 0.596034 0.074486 0.044952
2 0.130351 0.575240 0.080051 0.048077
2 0.151755 0.705048 0.065497 0.038462
2 0.512628 0.354087 0.074058 0.041827
2 0.674015 0.288341 0.082620 0.044952
0 0.312928 0.106490 0.079623 0.056250
0 0.542808 0.100962 0.077055 0.048077
0 0.305865 0.244351 0.082620 0.040144
0 0.311430 0.350120 0.088613 0.036779
0 0.485659 0.443029 0.088613 0.037019
0 0.305865 0.458293 0.071490 0.044952
0 0.681079 0.400481 0.079623 0.048077
0 0.855094 0.330769 0.074058 0.043269
0 0.875000 0.210577 0.085616 0.062500
0 0.665454 0.499038 0.071490 0.043269
0 0.425514 0.713942 0.077055 0.043269
0 0.254281 0.652163 0.094178 0.041827
0 0.164598 0.866106 0.080051 0.046635
0 0.338613 0.858894 0.079623 0.054327
0 0.484161 0.798798 0.062500 0.049519
0 0.633990 0.844471 0.071062 0.048077
0 0.788099 0.830769 0.065925 0.043269
0 0.732449 0.765144 0.085616 0.049519
0 0.731164 0.668269 0.077055 0.038462
0 0.875214 0.608053 0.080051 0.040144
