0 0.111729 0.062500 0.077055 0.057692
0 0.712329 0.062380 0.085616 0.060817
0 0.845248 0.170673 0.105736 0.052885
0 0.542594 0.178606 0.099743 0.052885
0 0.347175 0.218630 0.113870 0.046394
0 0.121575 0.179327 0.102740 0.048077
0 0.315711 0.328365 0.091182 0.048077
0 0.489940 0.307572 0.108305 0.064183
0 0.835188 0.292428 0.108733 0.046394
0 0.635274 0.362861 0.068493 0.049760
0 0.474101 0.397356 0.082620 0.044712
0 0.631207 0.454207 0.071490 0.049760
0 0.823630 0.549639 0.085616 0.051202
0 0.689640 0.613702 0.079623 0.041827
0 0.695420 0.707452 0.074058 0.046635
0 0.752568 0.773918 0.085616 0.044952
0 0.532534 0.753125 0.085616 0.054327
0 0.368579 0.777163 0.088185 0.051442
0 0.174443 0.781971 0.071490 0.057692
1 0.264555 0.705889 0.102740 0.046394
1 0.402825 0.652885 0.088185 0.052885
1 0.544092 0.576923 0.091610 0.048077
1 0.808005 0.385337 0.099743 0.049519
1 0.665240 0.265986 0.059932 0.051202
1 0.334332 0.089663 0.083048 0.054327
1 0.135916 0.308413 0.080051 0.049519
1 0.130351 0.410938 0.074058 0.046394
1 0.312928 0.434255 0.102740 0.051202
2 0.160317 0.507091 0.082620 0.046394
2 0.365796 0.509495 0.071490 0.041587
2 0.509846 0.483894 0.085616 0.038462
2 0.763913 0.471034 0.091182 0.041587
2 0.157320 0.637740 0.082620 0.051442
2 0.558433 0.649760 0.097175 0.046635
1 0.843750 0.710577 0.096747 0.043269
2 0.516909 0.078365 0.082620 0.048077
3 0.690925 0.543149 0.094178 0.060817
3 0.835188 0.629687 0.096747 0.041587
