0 0.106490 0.134418 0.044712 0.085616
0 0.112861 0.319991 0.044952 0.080051
0 0.178606 0.467038 0.048077 0.083048
0 0.122476 0.621147 0.051202 0.083048
0 0.135337 0.779538 0.038462 0.074486
0 0.205769 0.739512 0.048077 0.080051
0 0.273197 0.409889 0.051202 0.088613
0 0.346875 0.243151 0.051442 0.085616
0 0.317188 0.728168 0.040144 0.062500
0 0.374159 0.877997 0.031971 0.094178
0 0.495913 0.709760 0.035096 0.077055
0 0.588822 0.672517 0.041587 0.083048
0 0.712260 0.706764 0.054327 0.094178
0 0.664183 0.893836 0.048077 0.085616
0 0.793990 0.895120 0.048077 0.111301
0 0.918990 0.561216 0.051442 0.100171
0 0.923798 0.315925 0.057692 0.094178
0 0.775601 0.290240 0.049760 0.077055
0 0.746755 0.104666 0.046394 0.099743
0 0.664183 0.307363 0.041827 0.077055
1 0.209856 0.255779 0.049519 0.071490
1 0.446274 0.281464 0.041587 0.082620
1 0.525601 0.104666 0.046394 0.099743
1 0.559135 0.293022 0.043269 0.088613
1 0.648197 0.512628 0.044952 0.082620
1 0.786779 0.505565 0.039904 0.096747
1 0.918990 0.753853 0.048077 0.085616
1 0.550481 0.885060 0.038462 0.097175
1 0.349279 0.591182 0.039904 0.079623
1 0.201803 0.888057 0.049760 0.074058
1 0.944591 0.073202 0.041587 0.088185
3 0.459135 0.568493 0.038462 0.068493
3 0.287620 0.876498 0.035337 0.074058
2 0.278005 0.121575 0.044952 0.094178
2 0.419712 0.106164 0.043269 0.102740
2 0.634495 0.131635 0.040144 0.091182
2 0.538341 0.504067 0.040144 0.071490
2 0.398197 0.429795 0.041587 0.077055
2 0.268269 0.571276 0.048077 0.080051
2 0.409375 0.738228 0.041827 0.088613
2 0.459014 0.875214 0.035337 0.082620
