0 0.075985 0.077644 0.108305 0.062500
0 0.088827 0.225000 0.116866 0.062500
0 0.345676 0.263462 0.122860 0.072115
0 0.579837 0.222716 0.116866 0.073798
0 0.778039 0.103365 0.114298 0.072115
0 0.942209 0.211418 0.111301 0.080048
0 0.725171 0.306731 0.094178 0.062500
0 0.922303 0.346034 0.105736 0.073798
0 0.668236 0.418990 0.100171 0.068750
0 0.495505 0.354928 0.108305 0.059375
0 0.312928 0.387740 0.091610 0.054327
0 0.128853 0.589663 0.111301 0.073558
0 0.492723 0.465505 0.096747 0.059375
0 0.651113 0.515144 0.094178 0.059135
0 0.394264 0.683413 0.094178 0.059135
0 0.277397 0.745072 0.111301 0.060817
0 0.461259 0.886178 0.114298 0.054567
1 0.328767 0.109615 0.111301 0.062500
1 0.107449 0.368510 0.108733 0.061058
1 0.111729 0.482332 0.117295 0.064183
1 0.312928 0.494351 0.113870 0.059375
1 0.569777 0.666587 0.113870 0.067308
1 0.124572 0.901442 0.096747 0.062500
1 0.857877 0.451803 0.102740 0.054567
2 0.544092 0.093630 0.108733 0.059375
2 0.808005 0.541587 0.099743 0.054327
2 0.511344 0.552885 0.122860 0.048077
2 0.361515 0.589663 0.125428 0.044712
2 0.250214 0.666587 0.108305 0.054327
2 0.119007 0.721034 0.119863 0.044952
2 0.164598 0.806731 0.131421 0.052885
3 0.394264 0.813221 0.088185 0.046635
3 0.291524 0.888462 0.111301 0.052885
