1 0.080479 0.084014 0.094178 0.059375
1 0.762414 0.122476 0.071062 0.056010
1 0.497003 0.251442 0.083048 0.067308
1 0.501284 0.390144 0.085616 0.052885
1 0.856592 0.491947 0.083048 0.054567
1 0.271404 0.472596 0.077055 0.048077
1 0.070420 0.497596 0.091182 0.043269
1 0.252997 0.579327 0.085616 0.043269
1 0.542808 0.686538 0.094178 0.043269
2 0.111729 0.384495 0.088185 0.051202
2 0.479880 0.491947 0.077055 0.044952
2 0.833690 0.578486 0.088613 0.041587
2 0.708476 0.625841 0.077055 0.046394
2 0.541310 0.768269 0.080051 0.052885
2 0.080479 0.751563 0.094178 0.051202
2 0.063356 0.603486 0.083048 0.049760
2 0.388699 0.635337 0.077055 0.049519
0 0.196062 0.689784 0.085616 0.046394
0 0.352740 0.773197 0.102740 0.056010
0 0.682363 0.721875 0.077055 0.052885
0 0.837971 0.666587 0.091182 0.048077
3 0.842252 0.757091 0.082620 0.049760
3 0.545377 0.571995 0.077055 0.041587
0 0.679580 0.538462 0.082620 0.048077
0 0.645548 0.447837 0.077055 0.043269
0 0.869435 0.380529 0.079623 0.046635
0 0.693921 0.322115 0.083048 0.048077
0 0.896404 0.245913 0.094178 0.059135
0 0.291524 0.366827 0.088185 0.048077
0 0.094606 0.273197 0.083048 0.040144
0 0.284461 0.248317 0.080051 0.048077
0 0.325771 0.102404 0.088185 0.057692
0 0.563998 0.116106 0.091182 0.052885
