0 0.172115 0.303082 0.057692 0.085616
0 0.177885 0.525471 0.062500 0.108305
0 0.217067 0.688142 0.054327 0.080051
0 0.152885 0.756849 0.048077 0.102740
0 0.329207 0.702483 0.051202 0.096747
0 0.395793 0.843750 0.046394 0.094178
0 0.507933 0.642551 0.049519 0.091610
0 0.608894 0.641053 0.049519 0.116866
0 0.562500 0.472817 0.062500 0.105736
0 0.671394 0.484161 0.049519 0.088185
0 0.641707 0.301370 0.060817 0.094178
0 0.765144 0.330051 0.057692 0.088185
0 0.800361 0.100171 0.060817 0.102740
0 0.943029 0.104666 0.057692 0.133990
0 0.802764 0.546875 0.049760 0.099743
0 0.705889 0.692423 0.064183 0.116866
0 0.673798 0.889555 0.061058 0.111301
0 0.802764 0.895120 0.056010 0.111301
0 0.903846 0.748074 0.052885 0.114298
0 0.370072 0.220248 0.046394 0.074058
1 0.203365 0.116010 0.052885 0.065925
1 0.285938 0.371361 0.044952 0.080051
1 0.375721 0.536815 0.061058 0.085616
1 0.575962 0.825128 0.048077 0.097175
1 0.538341 0.293022 0.059375 0.099743
1 0.559976 0.107449 0.051202 0.111301
1 0.668990 0.108733 0.057692 0.102740
1 0.904567 0.330051 0.061058 0.122432
2 0.317308 0.120291 0.043269 0.091610
2 0.450240 0.124572 0.043269 0.100171
2 0.451803 0.347175 0.046394 0.094178
2 0.477524 0.494221 0.056010 0.097175
2 0.483894 0.795163 0.046635 0.116866
2 0.919832 0.544092 0.046394 0.111301
1 0.216226 0.859589 0.049760 0.102740
3 0.410096 0.692423 0.043269 0.082620
3 0.309976 0.855308 0.051202 0.094178
2 0.286779 0.558433 0.046635 0.099743
