2 0.156036 0.538341 0.091182 0.041587
2 0.180223 0.665865 0.065925 0.043269
2 0.402825 0.554447 0.071062 0.044952
2 0.703981 0.552043 0.080051 0.049760
2 0.800942 0.487861 0.085616 0.040144
2 0.581122 0.665024 0.062928 0.041587
2 0.539812 0.336418 0.065925 0.041587
2 0.552654 0.104087 0.074486 0.048077
3 0.852312 0.638462 0.062500 0.043269
3 0.522688 0.503125 0.059932 0.048077
1 0.565497 0.592067 0.077055 0.043269
1 0.432791 0.671394 0.079623 0.048077
1 0.301370 0.728245 0.085616 0.040144
1 0.312928 0.489543 0.068493 0.046394
1 0.161601 0.444712 0.080051 0.043269
1 0.161601 0.336418 0.080051 0.054567
1 0.163099 0.238702 0.083048 0.051442
1 0.312928 0.162620 0.096747 0.056010
1 0.686644 0.283654 0.068493 0.048077
1 0.846747 0.404567 0.085616 0.043269
1 0.858091 0.721034 0.080051 0.041587
0 0.119007 0.086418 0.102740 0.054567
0 0.549872 0.198678 0.091182 0.054567
0 0.845248 0.195433 0.099743 0.067308
0 0.378639 0.285938 0.080051 0.040144
0 0.315925 0.392548 0.085616 0.044712
0 0.495505 0.423798 0.091182 0.052885
0 0.675300 0.389303 0.091182 0.054567
0 0.652611 0.478245 0.062928 0.036779
0 0.705479 0.624880 0.077055 0.044952
0 0.837971 0.559976 0.074058 0.046394
0 0.721104 0.721875 0.080051 0.049519
0 0.778039 0.784375 0.080051 0.039904
0 0.628425 0.793990 0.077055 0.056250
0 0.502783 0.752404 0.082620 0.043269
0 0.357235 0.815625 0.071490 0.051442
0 0.188784 0.820433 0.065925 0.048077
0 0.274401 0.603245 0.088185 0.040144
0 0.853596 0.302043 0.094178 0.046394
