0 0.078767 0.098558 0.085616 0.072115
0 0.096104 0.242668 0.131421 0.056010
0 0.345890 0.277885 0.128425 0.052885
0 0.586901 0.237861 0.119863 0.059375
0 0.778253 0.121755 0.119863 0.064183
0 0.922303 0.228245 0.105736 0.056010
0 0.718108 0.322837 0.108305 0.056250
0 0.665454 0.432692 0.088613 0.057692
0 0.500000 0.370913 0.111301 0.052885
0 0.305865 0.403005 0.099743 0.049760
0 0.481378 0.475962 0.097175 0.057692
0 0.636772 0.525601 0.122860 0.054567
0 0.900899 0.357332 0.108305 0.060817
0 0.134632 0.604928 0.133990 0.056010
0 0.392765 0.694591 0.108305 0.046394
0 0.274401 0.755529 0.100171 0.056250
0 0.454195 0.897356 0.077055 0.051442
1 0.330051 0.132933 0.096747 0.051442
1 0.116010 0.385337 0.119863 0.062500
1 0.111729 0.495913 0.128425 0.062500
1 0.305865 0.512740 0.099743 0.063942
1 0.845034 0.465385 0.111301 0.043269
1 0.553938 0.679447 0.094178 0.054567
1 0.128853 0.913341 0.105308 0.060817
2 0.534247 0.111298 0.094178 0.062500
2 0.805223 0.553606 0.077055 0.056250
2 0.498502 0.561659 0.091182 0.056010
2 0.351455 0.601683 0.100171 0.052885
2 0.242937 0.672236 0.099743 0.046394
2 0.121789 0.734736 0.108305 0.049760
2 0.155822 0.818029 0.102740 0.052885
3 0.391481 0.825240 0.082620 0.054327
3 0.290240 0.898197 0.085616 0.049760
