2 0.128853 0.096034 0.071062 0.051202
2 0.444135 0.101683 0.080051 0.049519
2 0.599743 0.092909 0.059932 0.044952
2 0.164598 0.836418 0.074058 0.051202
2 0.145976 0.632933 0.071062 0.048077
3 0.291524 0.086538 0.071062 0.048077
1 0.365796 0.294832 0.082620 0.044952
1 0.549872 0.291587 0.074058 0.041827
1 0.645334 0.222716 0.071490 0.041587
1 0.892123 0.310096 0.068493 0.043269
1 0.892337 0.410938 0.074058 0.040144
1 0.823630 0.511899 0.068493 0.046394
1 0.368579 0.504687 0.071062 0.041587
1 0.568279 0.625721 0.065497 0.039904
1 0.870719 0.716346 0.077055 0.048077
1 0.515625 0.722716 0.080051 0.051202
1 0.327269 0.725120 0.097175 0.046394
1 0.150257 0.732332 0.096747 0.044952
0 0.733947 0.136058 0.065497 0.048077
0 0.837971 0.207452 0.062928 0.046635
0 0.515625 0.183413 0.062928 0.046635
0 0.312928 0.193029 0.074486 0.052885
0 0.138699 0.193870 0.085616 0.051202
0 0.145976 0.269952 0.065925 0.046635
0 0.131849 0.399038 0.077055 0.048077
0 0.345462 0.395793 0.071062 0.041587
0 0.529752 0.397356 0.080051 0.044712
0 0.696704 0.411779 0.088613 0.048077
0 0.698202 0.323077 0.051370 0.052885
0 0.157320 0.528005 0.088613 0.049760
0 0.341610 0.628125 0.068493 0.048077
0 0.585402 0.503125 0.082620 0.054327
0 0.776755 0.630529 0.082620 0.052885
0 0.693921 0.717788 0.077055 0.048077
0 0.340111 0.827644 0.071490 0.043269
0 0.537029 0.821995 0.065497 0.051202
0 0.709546 0.821274 0.074058 0.049760
0 0.889341 0.820433 0.114298 0.057692
