0 0.080265 0.085697 0.088613 0.056010
0 0.686858 0.079207 0.097175 0.056010
0 0.519906 0.201082 0.082620 0.049760
0 0.829409 0.192188 0.091182 0.054567
0 0.097389 0.207452 0.088613 0.046635
0 0.312928 0.241947 0.091610 0.051202
0 0.465539 0.327644 0.088613 0.052885
0 0.298587 0.357332 0.080051 0.054567
0 0.458476 0.423798 0.085616 0.046635
0 0.611087 0.388582 0.082620 0.046394
0 0.619649 0.479087 0.082620 0.044712
0 0.815068 0.572837 0.068493 0.049519
0 0.233091 0.609615 0.074058 0.052885
0 0.676798 0.642548 0.065925 0.048077
0 0.685360 0.739423 0.077055 0.052885
0 0.748074 0.806010 0.065497 0.048077
0 0.521190 0.785937 0.074058 0.059375
0 0.357235 0.809135 0.071490 0.057692
0 0.153253 0.813942 0.085616 0.057692
0 0.828125 0.313942 0.088613 0.057692
1 0.304366 0.112139 0.074486 0.054567
1 0.653896 0.290865 0.071490 0.052885
1 0.783818 0.408534 0.079623 0.054567
1 0.116010 0.335577 0.079623 0.043269
1 0.113014 0.437380 0.068493 0.041587
1 0.285745 0.456731 0.071490 0.048077
1 0.526969 0.600841 0.085616 0.054567
1 0.378639 0.678606 0.091182 0.056250
1 0.242937 0.734736 0.071490 0.046394
1 0.836473 0.738702 0.059932 0.048077
2 0.488442 0.093630 0.083048 0.059375
2 0.138699 0.538462 0.085616 0.038462
2 0.350171 0.537620 0.085616 0.040144
2 0.485659 0.508774 0.082620 0.046394
2 0.759632 0.497476 0.088613 0.046394
2 0.544092 0.678606 0.068493 0.049519
2 0.133134 0.672115 0.096747 0.043269
3 0.676798 0.564063 0.077055 0.044952
3 0.827911 0.655288 0.077055 0.048077
