0 0.331550 0.104928 0.082620 0.056010
0 0.584118 0.105769 0.080051 0.067308
0 0.927868 0.226683 0.088613 0.062500
0 0.731164 0.308413 0.094178 0.052885
0 0.925086 0.362861 0.083048 0.056010
0 0.331550 0.370072 0.088613 0.051202
0 0.679580 0.437380 0.082620 0.054567
0 0.741010 0.525601 0.096747 0.044952
0 0.328553 0.483894 0.099743 0.044712
0 0.321490 0.584014 0.079623 0.049760
0 0.273116 0.687500 0.085616 0.048077
0 0.435574 0.770673 0.097175 0.048077
0 0.915026 0.653005 0.074058 0.049760
0 0.773759 0.712260 0.065497 0.052885
0 0.770976 0.824519 0.083048 0.052885
0 0.822346 0.891827 0.077055 0.052885
0 0.658176 0.908534 0.091182 0.060817
0 0.497003 0.856490 0.071062 0.046635
0 0.354238 0.914183 0.071490 0.056250
0 0.168664 0.918149 0.094178 0.054567
3 0.923801 0.738702 0.068493 0.051442
3 0.601027 0.565625 0.068493 0.041827
2 0.912243 0.564784 0.068493 0.046394
2 0.770976 0.614543 0.083048 0.049760
2 0.609803 0.753125 0.080051 0.048077
2 0.154538 0.744231 0.083048 0.043269
2 0.136130 0.613702 0.085616 0.041827
2 0.468536 0.629687 0.082620 0.051202
2 0.511344 0.491106 0.082620 0.049519
2 0.544092 0.371755 0.079623 0.044952
1 0.088827 0.100000 0.082620 0.062500
1 0.125856 0.285938 0.077055 0.049760
1 0.321490 0.253966 0.085616 0.065625
1 0.151755 0.398918 0.082620 0.044952
1 0.133134 0.507091 0.074486 0.049760
1 0.519906 0.243510 0.088613 0.061058
1 0.792380 0.100841 0.074486 0.064183
1 0.913741 0.477524 0.082620 0.051202
1 0.639769 0.675361 0.071490 0.046394
1 0.920805 0.828486 0.079623 0.051202
