3 0.862372 0.667428 0.082620 0.040144
3 0.522688 0.502404 0.077055 0.043269
0 0.131849 0.056010 0.111301 0.063942
0 0.365796 0.054447 0.088613 0.060817
0 0.578339 0.060817 0.074486 0.057692
0 0.907962 0.183413 0.100171 0.065865
0 0.391481 0.307692 0.082620 0.048077
0 0.318707 0.405409 0.080051 0.041587
0 0.521190 0.411779 0.080051 0.048077
0 0.669735 0.475841 0.074058 0.044952
0 0.855308 0.584856 0.085616 0.044712
0 0.720890 0.642548 0.085616 0.044712
0 0.260060 0.608053 0.082620 0.049760
0 0.153039 0.836418 0.097175 0.060817
0 0.330051 0.834014 0.091610 0.056010
0 0.477098 0.777163 0.088613 0.057692
0 0.615582 0.822837 0.085616 0.049519
0 0.765197 0.805168 0.099743 0.049760
0 0.731164 0.744351 0.077055 0.049760
0 0.889341 0.308413 0.097175 0.046635
2 0.762414 0.112139 0.083048 0.070433
2 0.555437 0.321274 0.080051 0.049760
2 0.131849 0.539183 0.094178 0.046635
2 0.432791 0.566466 0.079623 0.049760
2 0.713827 0.560817 0.088613 0.048077
2 0.853596 0.503846 0.094178 0.043269
2 0.579837 0.681010 0.082620 0.051442
2 0.141695 0.677885 0.085616 0.048077
1 0.138699 0.220312 0.068493 0.059375
1 0.345676 0.176202 0.082620 0.057692
1 0.569777 0.192188 0.091610 0.054567
1 0.723887 0.264423 0.085616 0.057692
1 0.157534 0.332452 0.077055 0.056250
1 0.142979 0.435817 0.111301 0.057692
1 0.315925 0.503966 0.085616 0.046394
1 0.584118 0.602404 0.080051 0.057692
1 0.421447 0.684135 0.114298 0.057692
1 0.271404 0.743510 0.094178 0.054327
0 0.722603 0.374159 0.111301 0.059375
