0 0.068921 0.068750 0.077055 0.057692
0 0.730950 0.068870 0.065497 0.051202
0 0.534033 0.197837 0.105736 0.059135
0 0.882277 0.184976 0.105308 0.056010
0 0.321490 0.237139 0.091610 0.051202
0 0.284461 0.363702 0.074058 0.044712
0 0.477098 0.437500 0.088613 0.057692
0 0.649829 0.400601 0.085616 0.044952
0 0.642551 0.497476 0.083048 0.040144
0 0.866652 0.597716 0.091182 0.044952
0 0.706764 0.663341 0.068493 0.051202
0 0.728168 0.777163 0.094178 0.051442
0 0.785317 0.846034 0.105736 0.044952
0 0.615368 0.864543 0.091182 0.056010
0 0.456978 0.803606 0.088613 0.065865
0 0.307149 0.866947 0.080051 0.054567
0 0.114726 0.878846 0.077055 0.052885
0 0.224529 0.637019 0.097175 0.043269
0 0.877997 0.320433 0.085616 0.054327
1 0.317209 0.101683 0.088185 0.056250
1 0.116010 0.238702 0.091610 0.051442
1 0.104666 0.347716 0.097175 0.054567
1 0.096104 0.450962 0.108305 0.052885
1 0.295805 0.472716 0.085616 0.051202
1 0.549658 0.624038 0.102740 0.052885
1 0.395762 0.714663 0.097175 0.057692
1 0.877997 0.774760 0.091610 0.052885
1 0.231592 0.773077 0.094178 0.043269
1 0.686858 0.296394 0.080051 0.054327
1 0.840753 0.422236 0.085616 0.056010
3 0.492723 0.523077 0.074486 0.043269
3 0.867937 0.688221 0.082620 0.046635
2 0.805223 0.513462 0.083048 0.043269
2 0.699700 0.580889 0.082620 0.049760
2 0.337115 0.559255 0.088613 0.044952
2 0.103168 0.556851 0.100171 0.046394
2 0.098887 0.701923 0.091610 0.048077
2 0.566995 0.704207 0.080051 0.046394
2 0.519692 0.089663 0.094178 0.061058
