0 0.072837 0.186002 0.051442 0.108305
0 0.308413 0.277183 0.038462 0.080051
0 0.426202 0.337115 0.043269 0.080051
0 0.227404 0.467038 0.043269 0.083048
0 0.077644 0.377140 0.044712 0.085616
0 0.139423 0.516909 0.043269 0.080051
0 0.081611 0.691139 0.049760 0.074058
0 0.108894 0.855094 0.039904 0.065497
0 0.173798 0.816567 0.051442 0.074058
0 0.292428 0.799443 0.035337 0.062928
0 0.350841 0.957834 0.046394 0.082620
0 0.479928 0.768193 0.041587 0.091182
0 0.572837 0.705265 0.044712 0.091182
0 0.705048 0.762414 0.049519 0.102740
0 0.923798 0.586901 0.048077 0.105308
0 0.927885 0.328767 0.043269 0.102740
0 0.725962 0.113014 0.033654 0.094178
0 0.762740 0.310146 0.046635 0.082620
0 0.795673 0.953553 0.048077 0.080051
0 0.655409 0.952055 0.049760 0.094178
2 0.243510 0.173159 0.046635 0.082620
2 0.381370 0.135916 0.040144 0.088613
2 0.612139 0.168878 0.040144 0.080051
2 0.374159 0.481164 0.044952 0.077055
2 0.240264 0.635488 0.040144 0.071490
2 0.635337 0.552654 0.044712 0.071062
2 0.387740 0.795163 0.046635 0.082620
2 0.441466 0.936644 0.044952 0.068493
1 0.172957 0.310146 0.049760 0.065497
1 0.175962 0.968322 0.042788 0.063356
3 0.263462 0.956550 0.038462 0.056935
3 0.437380 0.623930 0.040144 0.071490
1 0.317188 0.649615 0.040144 0.071490
1 0.536779 0.956550 0.039904 0.074058
1 0.931851 0.805223 0.044952 0.079623
1 0.777163 0.539812 0.049519 0.096747
1 0.646514 0.362800 0.041587 0.074058
1 0.515986 0.538527 0.040144 0.077055
1 0.533534 0.331550 0.040144 0.080051
1 0.495192 0.140197 0.033654 0.074058
1 0.934135 0.068921 0.043269 0.091610
