0 0.093108 0.060096 0.091182 0.052885
0 0.780822 0.066346 0.102740 0.052885
0 0.581336 0.199399 0.085616 0.049760
0 0.920805 0.193029 0.102740 0.072115
0 0.339897 0.243510 0.094178 0.054327
0 0.314212 0.370072 0.094178 0.051202
0 0.508348 0.336418 0.088613 0.054567
0 0.910745 0.324399 0.099743 0.056010
0 0.674015 0.406130 0.099743 0.056010
0 0.489940 0.443029 0.091182 0.046635
0 0.672517 0.507091 0.091610 0.056010
0 0.885060 0.609615 0.088613 0.052885
0 0.729452 0.681010 0.085616 0.051442
0 0.241652 0.641707 0.097175 0.046394
0 0.158818 0.858894 0.108733 0.061058
0 0.371361 0.859615 0.088613 0.052885
0 0.555437 0.838822 0.091182 0.056010
0 0.731164 0.790745 0.094178 0.056010
0 0.798159 0.862139 0.091182 0.051202
1 0.337115 0.095312 0.088613 0.056010
1 0.138699 0.254688 0.102740 0.051202
1 0.716824 0.300361 0.082620 0.046394
1 0.856592 0.431010 0.105308 0.054327
1 0.119007 0.362981 0.102740 0.043269
1 0.110445 0.471154 0.085616 0.048077
1 0.303082 0.476683 0.077055 0.052885
1 0.566781 0.637740 0.085616 0.048077
1 0.412885 0.731490 0.097175 0.059135
1 0.255993 0.782692 0.085616 0.052885
1 0.892337 0.788341 0.074058 0.054567
2 0.547089 0.076923 0.085616 0.048077
2 0.145976 0.565625 0.083048 0.054327
2 0.361515 0.562500 0.080051 0.048077
2 0.516909 0.534375 0.088613 0.046635
2 0.819349 0.523197 0.094178 0.049760
2 0.133134 0.700240 0.074486 0.051442
2 0.589683 0.721034 0.074058 0.051202
3 0.726884 0.598437 0.068493 0.056010
3 0.886558 0.700240 0.079623 0.051442
