0 0.732449 0.865264 0.068493 0.051202
0 0.586901 0.878125 0.085616 0.057692
0 0.438356 0.823558 0.085616 0.057692
0 0.280180 0.878125 0.071490 0.054327
0 0.097389 0.876563 0.071490 0.051202
0 0.378639 0.729928 0.074058 0.040144
0 0.225813 0.652163 0.071490 0.028846
0 0.298587 0.459135 0.080051 0.043269
0 0.488442 0.454327 0.083048 0.043269
0 0.661173 0.521514 0.074058 0.040144
0 0.706764 0.793149 0.068493 0.044952
0 0.703767 0.688221 0.068493 0.039904
0 0.859589 0.639303 0.077055 0.041587
0 0.698202 0.417428 0.074486 0.046394
0 0.322988 0.354928 0.082620 0.049760
0 0.875214 0.356490 0.091182 0.046635
0 0.920805 0.226683 0.085616 0.052885
0 0.588399 0.104087 0.082620 0.054327
0 0.358519 0.101683 0.091182 0.052885
0 0.330051 0.241827 0.079623 0.048077
2 0.845034 0.554447 0.077055 0.044952
2 0.713827 0.599279 0.082620 0.041827
2 0.558219 0.729808 0.068493 0.043269
2 0.103168 0.713101 0.065925 0.044952
2 0.103168 0.578365 0.083048 0.038462
2 0.528253 0.363702 0.059932 0.041827
2 0.705479 0.301202 0.077055 0.038462
1 0.126070 0.076082 0.088613 0.046394
1 0.153253 0.262740 0.085616 0.051442
1 0.141695 0.370913 0.074486 0.056250
1 0.114512 0.475000 0.082620 0.043269
1 0.295805 0.567187 0.079623 0.044952
1 0.227312 0.787500 0.079623 0.043269
1 0.606807 0.658654 0.091182 0.048077
1 0.848031 0.806010 0.065925 0.035096
3 0.848031 0.719471 0.083048 0.044712
3 0.516909 0.543990 0.071490 0.039904
1 0.865154 0.464663 0.071062 0.041827
1 0.536815 0.237861 0.094178 0.049760
1 0.772474 0.107212 0.080051 0.048077
