0 0.081764 0.088942 0.102740 0.062500
0 0.098887 0.237139 0.125856 0.064183
0 0.339897 0.269952 0.111301 0.072115
0 0.576841 0.228245 0.099743 0.068990
0 0.773759 0.113702 0.105736 0.073558
0 0.936644 0.213942 0.094178 0.081731
0 0.721104 0.314784 0.108305 0.059375
0 0.892123 0.350962 0.091610 0.067308
0 0.668236 0.427043 0.105308 0.059375
0 0.492723 0.360457 0.113870 0.051202
0 0.308647 0.397356 0.100171 0.057692
0 0.494007 0.469471 0.094178 0.057692
0 0.646832 0.524760 0.102740 0.059135
0 0.134632 0.594471 0.082620 0.054327
0 0.398545 0.689063 0.096747 0.051202
0 0.280180 0.753846 0.082620 0.052885
0 0.452697 0.892548 0.097175 0.063942
1 0.127354 0.905288 0.097175 0.057692
1 0.559717 0.672115 0.088613 0.052885
1 0.298801 0.504687 0.102740 0.051202
1 0.111729 0.487139 0.111301 0.054567
1 0.119007 0.374880 0.102740 0.060817
1 0.320420 0.120072 0.105736 0.064183
1 0.848031 0.453365 0.111301 0.057692
2 0.805223 0.551202 0.105308 0.063942
2 0.509846 0.560817 0.074486 0.054327
2 0.355736 0.600000 0.102740 0.052885
2 0.247432 0.664183 0.102740 0.043269
2 0.123288 0.729928 0.094178 0.056010
2 0.157534 0.814063 0.111301 0.054567
2 0.542808 0.097716 0.094178 0.060817
3 0.392765 0.812380 0.074058 0.054567
3 0.304366 0.894952 0.096747 0.052885
