0 0.117509 0.023317 0.099743 0.046154
0 0.469820 0.026322 0.108305 0.046394
0 0.541096 0.145793 0.085616 0.054567
0 0.865154 0.145793 0.122432 0.060817
0 0.367295 0.228245 0.068493 0.056010
0 0.843750 0.259615 0.074486 0.048077
0 0.295805 0.338101 0.074486 0.044952
0 0.476884 0.372476 0.077055 0.049760
0 0.663955 0.332452 0.091610 0.049519
0 0.649829 0.431851 0.085616 0.049760
0 0.819563 0.519111 0.088613 0.051202
0 0.681079 0.580889 0.074486 0.049760
0 0.248716 0.553606 0.077055 0.049519
0 0.693921 0.678606 0.083048 0.049519
0 0.745291 0.745913 0.071062 0.043269
0 0.599743 0.756370 0.083048 0.044952
0 0.459974 0.705048 0.065497 0.048077
0 0.324486 0.764423 0.085616 0.057692
0 0.151541 0.769952 0.077055 0.049519
3 0.828125 0.603365 0.071490 0.043269
2 0.681079 0.508654 0.091610 0.033654
2 0.783818 0.445433 0.085616 0.041827
2 0.559932 0.618510 0.094178 0.041827
2 0.143193 0.612861 0.088613 0.036779
2 0.135916 0.480649 0.080051 0.054567
2 0.532748 0.287500 0.080051 0.043269
2 0.651113 0.069591 0.077055 0.065625
1 0.261558 0.678606 0.091610 0.043269
1 0.407106 0.618510 0.068493 0.048077
1 0.538313 0.540745 0.062928 0.049760
1 0.837971 0.679447 0.080051 0.051202
1 0.305865 0.434976 0.082620 0.049760
1 0.135916 0.382091 0.062928 0.049760
1 0.141695 0.278726 0.074486 0.051202
1 0.130137 0.173798 0.068493 0.056250
1 0.305865 0.106490 0.082620 0.059135
1 0.836473 0.358053 0.077055 0.046394
1 0.679580 0.230649 0.088613 0.044952
