1 0.080265 0.072115 0.099743 0.057692
1 0.761130 0.095192 0.085616 0.062500
1 0.515625 0.228365 0.080051 0.052885
1 0.524187 0.363702 0.074058 0.057692
1 0.880779 0.455048 0.080051 0.057692
1 0.298801 0.455889 0.068493 0.056010
1 0.113014 0.484615 0.102740 0.052885
1 0.294521 0.557572 0.094178 0.060817
1 0.604024 0.654567 0.085616 0.049519
1 0.264341 0.806851 0.074058 0.059375
1 0.890839 0.806010 0.088185 0.054327
3 0.893836 0.714663 0.094178 0.051442
3 0.579623 0.547115 0.094178 0.043269
2 0.588185 0.735457 0.094178 0.051202
2 0.733947 0.598437 0.082620 0.046394
2 0.875214 0.547115 0.097175 0.043269
2 0.508562 0.471875 0.059932 0.043269
2 0.438570 0.606490 0.080051 0.037019
2 0.127354 0.733894 0.074058 0.048077
2 0.108947 0.594471 0.082620 0.038462
2 0.130351 0.374159 0.097175 0.049760
0 0.320205 0.346875 0.077055 0.043269
0 0.668236 0.425481 0.094178 0.052885
0 0.718322 0.299639 0.085616 0.060817
0 0.890839 0.344471 0.088185 0.057692
0 0.899401 0.216226 0.094178 0.064183
0 0.568065 0.094471 0.077055 0.063942
0 0.314212 0.084856 0.100171 0.061058
0 0.290026 0.228245 0.097175 0.036779
0 0.105950 0.261899 0.088613 0.046394
0 0.238656 0.669832 0.080051 0.044952
0 0.418450 0.737861 0.080051 0.049760
0 0.467038 0.834014 0.091610 0.046394
0 0.642551 0.878966 0.077055 0.049760
0 0.795163 0.870192 0.097175 0.057692
0 0.748288 0.795553 0.094178 0.059375
0 0.741010 0.689904 0.068493 0.043269
0 0.885274 0.629687 0.077055 0.051202
0 0.719606 0.510337 0.083048 0.043269
