1 0.090325 0.092067 0.085616 0.065865
1 0.110445 0.274038 0.068493 0.048077
1 0.330051 0.358053 0.085616 0.049760
1 0.509846 0.241106 0.096747 0.059135
1 0.758134 0.109736 0.068493 0.049760
1 0.130137 0.382091 0.085616 0.049760
1 0.097389 0.493510 0.082620 0.061058
1 0.586901 0.670553 0.074486 0.049760
1 0.240154 0.813221 0.083048 0.049519
1 0.879495 0.818029 0.065497 0.056250
1 0.873716 0.467067 0.094178 0.052885
3 0.876498 0.732332 0.071490 0.041587
3 0.556935 0.558413 0.071062 0.039904
0 0.324272 0.105769 0.091182 0.057692
0 0.300086 0.250721 0.088185 0.052885
0 0.558433 0.108894 0.091182 0.061058
0 0.897902 0.229928 0.114298 0.056010
0 0.708262 0.307572 0.099743 0.051202
0 0.877997 0.358053 0.085616 0.049760
0 0.641267 0.430168 0.085616 0.046394
0 0.699486 0.515986 0.094178 0.044952
0 0.290240 0.464663 0.085616 0.048077
0 0.294307 0.569591 0.071490 0.056010
0 0.233091 0.676202 0.091182 0.051442
0 0.401327 0.754687 0.074058 0.041587
0 0.116010 0.914183 0.079623 0.049519
0 0.301584 0.913462 0.108305 0.057692
0 0.458476 0.854087 0.079623 0.063942
0 0.619649 0.900601 0.099743 0.054567
0 0.776755 0.885337 0.088613 0.049519
0 0.735231 0.815625 0.080051 0.048077
0 0.719606 0.700962 0.088185 0.043269
0 0.865154 0.646514 0.077055 0.040144
2 0.857877 0.556851 0.068493 0.046394
2 0.728168 0.604928 0.077055 0.040144
2 0.569777 0.749880 0.091610 0.044952
2 0.428510 0.624880 0.083048 0.044952
2 0.482663 0.481490 0.088613 0.049519
2 0.507063 0.366106 0.080051 0.046635
2 0.097389 0.597716 0.082620 0.041587
2 0.117509 0.744351 0.088613 0.040144
