0 0.068921 0.076803 0.088185 0.051202
0 0.692637 0.090385 0.085616 0.062500
0 0.298801 0.246635 0.085616 0.057692
0 0.511344 0.203486 0.082620 0.051202
0 0.823844 0.197837 0.097175 0.052885
0 0.447132 0.332452 0.074058 0.056250
0 0.263057 0.363702 0.088613 0.048077
0 0.434075 0.431851 0.077055 0.049760
0 0.595462 0.396635 0.079623 0.043269
0 0.591182 0.490264 0.071062 0.041587
0 0.819563 0.324399 0.071490 0.049760
0 0.194563 0.620913 0.088613 0.043269
0 0.790882 0.586538 0.088613 0.048077
0 0.646832 0.650601 0.096747 0.041587
0 0.652397 0.757212 0.102740 0.052885
0 0.712329 0.823678 0.085616 0.051202
0 0.489940 0.798798 0.097175 0.052885
0 0.307149 0.829327 0.080051 0.052885
0 0.094606 0.830048 0.077055 0.051442
1 0.292808 0.108053 0.085616 0.046394
1 0.103168 0.256250 0.077055 0.057692
1 0.071704 0.354928 0.082620 0.046394
1 0.061858 0.456611 0.097175 0.044952
1 0.260060 0.459014 0.088613 0.046394
1 0.494221 0.613702 0.071490 0.051442
1 0.638271 0.297115 0.079623 0.043269
1 0.766695 0.422236 0.091610 0.056010
1 0.796661 0.748317 0.088185 0.054327
1 0.354452 0.698558 0.094178 0.048077
1 0.195848 0.752404 0.097175 0.043269
2 0.484161 0.096154 0.085616 0.048077
2 0.088827 0.548798 0.088613 0.046635
2 0.303082 0.544832 0.094178 0.051202
2 0.448416 0.520793 0.065497 0.051202
2 0.738228 0.509495 0.091182 0.044952
2 0.516909 0.693029 0.088613 0.046635
2 0.074700 0.681010 0.088613 0.035096
3 0.641053 0.572115 0.080051 0.038462
3 0.792380 0.672236 0.074486 0.049760
