0 0.125000 0.181507 0.052885 0.077055
0 0.132933 0.354238 0.059135 0.074058
0 0.190625 0.495505 0.052885 0.071490
0 0.136899 0.651113 0.060817 0.079623
0 0.153726 0.806721 0.049760 0.082620
0 0.218750 0.765197 0.048077 0.080051
0 0.323678 0.753853 0.040144 0.079623
0 0.376442 0.890839 0.043269 0.091610
0 0.278726 0.445634 0.056010 0.074486
0 0.343630 0.271618 0.044952 0.074058
0 0.560817 0.322988 0.046635 0.080051
0 0.544832 0.509846 0.046394 0.094178
0 0.489423 0.695420 0.048077 0.071490
0 0.589663 0.718108 0.052885 0.099743
0 0.660096 0.387200 0.043269 0.071490
0 0.792428 0.324272 0.060817 0.088613
0 0.898077 0.355736 0.048077 0.083048
0 0.906250 0.563998 0.048077 0.105736
0 0.793269 0.909247 0.043269 0.111301
0 0.666587 0.912243 0.043269 0.083048
3 0.461418 0.552654 0.040144 0.083048
3 0.297236 0.900685 0.041587 0.077055
2 0.865264 0.749572 0.046394 0.088185
2 0.645793 0.565497 0.049760 0.091610
2 0.397356 0.445634 0.043269 0.079623
2 0.416587 0.140197 0.052885 0.080051
2 0.406971 0.752354 0.056250 0.088613
2 0.460697 0.887842 0.051202 0.068493
2 0.282813 0.607021 0.051202 0.059932
2 0.288462 0.167380 0.052885 0.065925
1 0.897356 0.126070 0.043269 0.108305
1 0.737861 0.133134 0.044952 0.088185
1 0.628966 0.163099 0.044952 0.091610
1 0.772356 0.558433 0.049519 0.088613
1 0.707452 0.735231 0.041827 0.071490
1 0.552764 0.899401 0.049760 0.091610
1 0.520793 0.144478 0.040144 0.082620
1 0.457452 0.321490 0.054327 0.071062
1 0.359615 0.602740 0.048077 0.068493
1 0.213942 0.905180 0.048077 0.080051
1 0.221034 0.295805 0.056010 0.077055
