0 0.194591 0.125856 0.054567 0.102740
0 0.104087 0.279966 0.059135 0.085616
0 0.319712 0.135916 0.038462 0.099743
0 0.293149 0.321490 0.049760 0.088185
0 0.205889 0.455693 0.051202 0.088613
0 0.335697 0.526969 0.054567 0.083048
0 0.388462 0.370077 0.048077 0.099743
0 0.485457 0.378425 0.049760 0.094178
0 0.440625 0.537029 0.049519 0.080051
0 0.374038 0.695420 0.057692 0.099743
0 0.249880 0.685360 0.059375 0.096747
0 0.226683 0.923801 0.070673 0.094178
0 0.087260 0.923801 0.067308 0.094178
0 0.563221 0.862372 0.061058 0.108305
0 0.649760 0.615368 0.048077 0.088613
0 0.731490 0.725171 0.054327 0.085616
0 0.594471 0.154538 0.046635 0.085616
0 0.662500 0.291524 0.048077 0.085616
0 0.771514 0.295805 0.044952 0.111301
0 0.818870 0.457192 0.056010 0.102740
1 0.113702 0.696704 0.059135 0.091182
1 0.472716 0.705265 0.049760 0.097175
1 0.349279 0.882277 0.059135 0.102740
1 0.457452 0.892337 0.051442 0.105736
1 0.852404 0.849529 0.062500 0.105736
1 0.858053 0.649615 0.064183 0.088613
1 0.777163 0.145976 0.046635 0.096747
1 0.622476 0.459974 0.054567 0.091182
1 0.423798 0.197346 0.044712 0.096747
2 0.095312 0.495719 0.060817 0.094178
2 0.524760 0.519692 0.044712 0.085616
2 0.560817 0.655394 0.043269 0.077055
2 0.625721 0.752568 0.044712 0.094178
2 0.688221 0.866652 0.048077 0.088613
2 0.512019 0.231592 0.048077 0.102740
2 0.705048 0.434289 0.056250 0.074058
3 0.681851 0.141695 0.054567 0.100171
3 0.584135 0.314212 0.048077 0.085616
