2 0.555437 0.116106 0.091182 0.056250
2 0.833690 0.530409 0.071490 0.054567
2 0.726670 0.592909 0.097175 0.051202
2 0.595462 0.712260 0.091610 0.049519
2 0.385702 0.570433 0.071062 0.044712
2 0.158818 0.568029 0.091610 0.046635
2 0.166096 0.703486 0.077055 0.044952
2 0.507063 0.360577 0.074058 0.038462
3 0.880779 0.691466 0.074058 0.049760
3 0.525471 0.535096 0.071490 0.038462
1 0.360017 0.130529 0.088185 0.052885
1 0.190283 0.265144 0.074058 0.052885
1 0.164598 0.366827 0.097175 0.038462
1 0.157534 0.467909 0.094178 0.041587
1 0.342894 0.487861 0.083048 0.040144
1 0.713827 0.319712 0.082620 0.052885
1 0.852312 0.441346 0.085616 0.043269
1 0.581336 0.635337 0.068493 0.049519
1 0.432791 0.721875 0.085616 0.052885
1 0.285745 0.772356 0.082620 0.041827
1 0.889555 0.781971 0.068493 0.048077
0 0.137414 0.103245 0.088185 0.059375
0 0.769692 0.108053 0.085616 0.059375
0 0.900685 0.219471 0.085616 0.051442
0 0.586901 0.228365 0.091610 0.052885
0 0.337115 0.383774 0.082620 0.049760
0 0.506849 0.455769 0.085616 0.043269
0 0.678296 0.420553 0.080051 0.046394
0 0.893622 0.338822 0.099743 0.046394
0 0.877997 0.608894 0.062500 0.048077
0 0.731164 0.673077 0.059932 0.038462
0 0.742509 0.780288 0.071490 0.048077
0 0.799658 0.846034 0.077055 0.051202
0 0.645548 0.862139 0.094178 0.060817
0 0.489940 0.807572 0.080051 0.054567
0 0.347175 0.863702 0.079623 0.054327
0 0.174658 0.870913 0.077055 0.056250
0 0.279966 0.644952 0.077055 0.046635
