0 0.107449 0.139303 0.096747 0.064183
0 0.121789 0.279567 0.114298 0.052885
0 0.361515 0.308413 0.114298 0.052885
0 0.589683 0.260337 0.114298 0.056250
0 0.789598 0.148918 0.097175 0.064183
0 0.949272 0.249038 0.091182 0.062500
0 0.746789 0.346875 0.091182 0.052885
0 0.939426 0.382212 0.105736 0.062500
0 0.526969 0.393269 0.096747 0.052885
0 0.344178 0.430288 0.102740 0.052885
0 0.521190 0.502284 0.091182 0.056010
0 0.692423 0.455889 0.091182 0.059375
0 0.686858 0.550361 0.080051 0.049760
0 0.920805 0.661779 0.079623 0.057692
0 0.766695 0.733053 0.096747 0.056010
0 0.435574 0.716226 0.091182 0.060817
0 0.171661 0.630529 0.100171 0.056250
1 0.355736 0.167308 0.113870 0.062500
1 0.158818 0.416587 0.125856 0.054327
1 0.154538 0.522356 0.117295 0.051442
1 0.349957 0.540865 0.108305 0.062500
1 0.604024 0.699519 0.096747 0.052885
1 0.926584 0.844471 0.074058 0.067308
1 0.886558 0.483894 0.102740 0.051442
2 0.839469 0.574399 0.088185 0.056010
2 0.556935 0.142548 0.088185 0.061058
2 0.541310 0.588942 0.091182 0.043269
2 0.397046 0.621755 0.099743 0.054567
2 0.290240 0.696995 0.102740 0.051202
2 0.180223 0.756370 0.100171 0.051202
2 0.642551 0.780288 0.094178 0.048077
3 0.760916 0.643389 0.091182 0.049760
3 0.936644 0.748317 0.077055 0.048077
