1 0.123074 0.213942 0.082620 0.052885
1 0.328767 0.178606 0.077055 0.052885
1 0.117295 0.319591 0.077055 0.049760
1 0.117509 0.429327 0.071490 0.048077
1 0.298587 0.486298 0.091182 0.052885
1 0.539812 0.600000 0.077055 0.052885
1 0.392979 0.684255 0.085616 0.054567
1 0.244435 0.738702 0.096747 0.054327
1 0.852312 0.741947 0.074486 0.060817
1 0.857877 0.406130 0.085616 0.046394
3 0.850813 0.667428 0.082620 0.036779
3 0.494221 0.497476 0.082620 0.040144
2 0.689640 0.558413 0.085616 0.046635
2 0.836473 0.503125 0.077055 0.041827
2 0.564212 0.680168 0.068493 0.046394
2 0.125856 0.673798 0.077055 0.052885
2 0.117509 0.534375 0.065497 0.046635
2 0.371575 0.559135 0.077055 0.048077
2 0.524187 0.326082 0.074058 0.046394
2 0.643836 0.087260 0.085616 0.046635
0 0.090325 0.048798 0.096747 0.052885
0 0.445634 0.058413 0.094178 0.056250
0 0.865154 0.174639 0.094178 0.054567
0 0.877997 0.299519 0.096747 0.057692
0 0.842252 0.584135 0.082620 0.043269
0 0.703981 0.644111 0.080051 0.035337
0 0.705479 0.744351 0.094178 0.049760
0 0.756849 0.815625 0.077055 0.054327
0 0.596961 0.821154 0.082620 0.052885
0 0.448416 0.770793 0.065497 0.054567
0 0.301584 0.831611 0.080051 0.054567
0 0.130351 0.835697 0.091182 0.056010
0 0.230308 0.608894 0.068493 0.044712
0 0.281464 0.382091 0.091182 0.040144
0 0.652611 0.473438 0.080051 0.040144
