3 0.869435 0.667308 0.091610 0.043269
3 0.531250 0.498317 0.077055 0.051442
1 0.885060 0.747476 0.088613 0.049760
1 0.430009 0.680288 0.108305 0.052885
1 0.275685 0.734615 0.085616 0.043269
1 0.575342 0.596154 0.068493 0.038462
1 0.330051 0.482332 0.085616 0.041587
1 0.898116 0.409375 0.085616 0.052885
1 0.150257 0.422115 0.102740 0.043269
1 0.178724 0.316346 0.097175 0.052885
1 0.161601 0.201803 0.080051 0.051202
1 0.349957 0.140865 0.080051 0.057692
1 0.700985 0.209014 0.074058 0.040144
2 0.709760 0.086418 0.085616 0.051202
2 0.866438 0.500721 0.085616 0.043269
2 0.725385 0.552043 0.082620 0.056010
2 0.591182 0.675361 0.077055 0.049760
2 0.150257 0.667428 0.091610 0.049760
2 0.408604 0.561659 0.088613 0.046394
2 0.151755 0.527163 0.088613 0.044712
2 0.559717 0.311659 0.082620 0.040144
0 0.733733 0.362861 0.111301 0.056010
0 0.539812 0.404567 0.077055 0.039904
0 0.328553 0.384615 0.071490 0.057692
0 0.385702 0.282813 0.077055 0.059375
0 0.925086 0.173798 0.065925 0.049519
0 0.909461 0.309976 0.091182 0.049760
0 0.148973 0.041587 0.077055 0.051442
0 0.678296 0.469471 0.074058 0.048077
0 0.872217 0.583173 0.080051 0.048077
0 0.733947 0.639303 0.082620 0.054567
0 0.735231 0.737139 0.080051 0.051202
0 0.763913 0.806010 0.074058 0.061058
0 0.622646 0.818029 0.082620 0.046635
0 0.485659 0.767548 0.082620 0.051442
0 0.328553 0.821274 0.082620 0.056010
0 0.156036 0.835697 0.080051 0.059375
0 0.264341 0.607212 0.080051 0.048077
