0 0.108173 0.140197 0.048077 0.074058
0 0.113702 0.321490 0.043269 0.094178
0 0.178606 0.459974 0.044712 0.074058
0 0.126562 0.622646 0.049760 0.074058
0 0.213101 0.738228 0.049760 0.071490
0 0.145793 0.776755 0.046394 0.091182
0 0.320433 0.715325 0.046635 0.094178
0 0.373317 0.859375 0.033654 0.091182
0 0.653005 0.870933 0.044952 0.091182
0 0.495072 0.700985 0.046394 0.082620
0 0.580769 0.643836 0.038462 0.094178
0 0.698678 0.693921 0.049760 0.102740
0 0.784375 0.877997 0.051442 0.088185
0 0.900481 0.542594 0.052885 0.091182
0 0.910216 0.307363 0.046394 0.094178
0 0.762740 0.287243 0.039904 0.088185
0 0.736298 0.111729 0.044712 0.085616
0 0.656250 0.337329 0.038462 0.085616
0 0.264303 0.408604 0.036779 0.097175
0 0.337981 0.240154 0.043269 0.068493
2 0.277163 0.128853 0.049519 0.062500
2 0.414183 0.110231 0.041827 0.071490
2 0.623317 0.128853 0.037019 0.113870
2 0.640144 0.501284 0.048077 0.077055
2 0.393389 0.424229 0.041587 0.065925
2 0.273918 0.572560 0.036779 0.071490
2 0.411779 0.721104 0.037019 0.065497
2 0.459856 0.853810 0.043269 0.074058
1 0.211418 0.260060 0.049760 0.074058
1 0.449519 0.292808 0.038462 0.077055
1 0.516707 0.117509 0.035337 0.080051
1 0.552764 0.291524 0.036779 0.091610
1 0.527163 0.481378 0.039904 0.088613
1 0.770793 0.489726 0.036779 0.094178
1 0.904567 0.735231 0.041827 0.082620
1 0.926202 0.074700 0.037019 0.097175
1 0.349279 0.588399 0.039904 0.062928
3 0.456611 0.565497 0.036779 0.079623
3 0.290865 0.863656 0.048077 0.065497
1 0.215505 0.880993 0.051202 0.077055
1 0.547957 0.865154 0.040144 0.091610
