1 0.114512 0.251563 0.082620 0.054567
1 0.324272 0.200240 0.062928 0.054327
1 0.548373 0.224279 0.071062 0.073558
1 0.731164 0.297236 0.077055 0.065625
1 0.138913 0.367668 0.074058 0.056010
1 0.113228 0.471875 0.080051 0.059135
1 0.288741 0.542428 0.071490 0.049760
1 0.592680 0.646635 0.074058 0.043269
1 0.910959 0.451082 0.077055 0.049760
1 0.887842 0.810817 0.077055 0.051442
1 0.252997 0.791587 0.068493 0.051442
3 0.537029 0.541587 0.071490 0.048077
3 0.879281 0.720313 0.077055 0.046394
2 0.586901 0.735457 0.068493 0.044952
2 0.729666 0.603365 0.080051 0.043269
2 0.877997 0.547236 0.085616 0.049760
2 0.108733 0.577644 0.094178 0.052885
2 0.412885 0.606490 0.074058 0.046635
2 0.106164 0.722716 0.094178 0.044952
2 0.555437 0.355769 0.074058 0.038462
2 0.780822 0.128846 0.085616 0.052885
0 0.116010 0.076082 0.091610 0.059375
0 0.357235 0.078486 0.099743 0.060817
0 0.601027 0.094471 0.119863 0.070673
0 0.933647 0.207452 0.088185 0.062500
0 0.922303 0.339663 0.099743 0.048077
0 0.385702 0.337260 0.083048 0.046635
0 0.302868 0.435817 0.105736 0.048077
0 0.500000 0.451803 0.094178 0.044952
0 0.732449 0.415745 0.085616 0.056010
0 0.685360 0.518389 0.083048 0.036779
0 0.233091 0.660937 0.097175 0.040144
0 0.410103 0.730769 0.102740 0.057692
0 0.738228 0.690625 0.091182 0.048077
0 0.888057 0.634495 0.099743 0.054567
0 0.455479 0.824399 0.085616 0.049760
0 0.739512 0.802043 0.088613 0.056010
0 0.119007 0.896635 0.068493 0.043269
0 0.311430 0.888582 0.105736 0.049760
0 0.629709 0.888582 0.085616 0.059375
0 0.779538 0.876563 0.083048 0.060817
