0 0.107449 0.053606 0.085616 0.056250
0 0.698202 0.072837 0.085616 0.062500
0 0.558433 0.177764 0.074058 0.054567
0 0.859375 0.172957 0.088613 0.051202
0 0.309932 0.335697 0.085616 0.059375
0 0.479880 0.406971 0.083048 0.048077
0 0.642551 0.367668 0.077055 0.046394
0 0.859589 0.296394 0.077055 0.061058
0 0.638271 0.461418 0.091610 0.041587
0 0.846533 0.563221 0.080051 0.056250
0 0.702483 0.619351 0.088185 0.056010
0 0.718322 0.725120 0.085616 0.049760
0 0.775257 0.795673 0.068493 0.052885
0 0.621147 0.808413 0.074486 0.056250
0 0.469820 0.750721 0.080051 0.052885
0 0.328553 0.814063 0.071490 0.054567
0 0.151755 0.823678 0.082620 0.060817
0 0.260060 0.597716 0.082620 0.054567
3 0.848031 0.644231 0.077055 0.048077
3 0.499786 0.487981 0.082620 0.043269
2 0.571276 0.665024 0.065497 0.044952
2 0.696704 0.543149 0.071490 0.044952
2 0.800942 0.478365 0.074486 0.043269
2 0.354452 0.519952 0.077055 0.049519
2 0.134632 0.516707 0.082620 0.046394
2 0.142979 0.654567 0.077055 0.043269
1 0.331550 0.209014 0.088613 0.049760
1 0.160317 0.218750 0.088613 0.052885
1 0.685360 0.268389 0.071062 0.049760
1 0.815283 0.386178 0.080051 0.044952
1 0.555651 0.580048 0.085616 0.044712
1 0.414170 0.662620 0.088613 0.056010
1 0.261558 0.720313 0.108733 0.046394
1 0.314426 0.437500 0.099743 0.048077
1 0.133134 0.421394 0.091610 0.054327
1 0.137414 0.318029 0.088185 0.056250
1 0.863870 0.725962 0.068493 0.048077
2 0.477098 0.315625 0.088613 0.051442
