0 0.145976 0.042308 0.088185 0.052885
0 0.507063 0.058413 0.074058 0.046635
0 0.905180 0.179327 0.088613 0.057692
0 0.877997 0.303606 0.085616 0.052885
0 0.713827 0.366947 0.088613 0.044952
0 0.514127 0.412620 0.077055 0.046394
0 0.661173 0.477404 0.074058 0.048077
0 0.850813 0.584014 0.082620 0.049760
0 0.706764 0.636899 0.085616 0.046394
0 0.719606 0.735457 0.094178 0.054567
0 0.763913 0.810817 0.091182 0.051442
0 0.611087 0.818029 0.099743 0.052885
0 0.464255 0.761178 0.074058 0.051202
0 0.319991 0.819712 0.082620 0.052885
0 0.138913 0.829327 0.091182 0.052885
0 0.250214 0.605649 0.080051 0.041587
0 0.315711 0.376442 0.091182 0.048077
0 0.363014 0.277163 0.094178 0.051442
1 0.341396 0.144231 0.097175 0.057692
1 0.544092 0.186538 0.074486 0.052885
1 0.722389 0.258774 0.071490 0.046394
1 0.144478 0.205048 0.080051 0.051442
1 0.163099 0.312380 0.088185 0.041587
1 0.141695 0.418149 0.085616 0.041587
1 0.314212 0.475000 0.077055 0.052885
1 0.563998 0.598437 0.091182 0.049760
1 0.411387 0.674519 0.094178 0.048077
1 0.257277 0.731490 0.077055 0.052885
1 0.855094 0.753125 0.080051 0.051442
1 0.875214 0.408534 0.091182 0.051202
2 0.686858 0.105649 0.091182 0.051202
2 0.525685 0.320433 0.077055 0.044712
2 0.845248 0.502284 0.082620 0.040144
2 0.695420 0.558413 0.074058 0.049519
2 0.395762 0.554447 0.080051 0.044952
2 0.144478 0.524760 0.108305 0.043269
2 0.566995 0.677764 0.080051 0.041587
2 0.133134 0.672236 0.096747 0.046394
3 0.853596 0.663341 0.077055 0.041587
3 0.507063 0.503966 0.074058 0.049760
