1 0.838185 0.850841 0.068493 0.044952
1 0.230094 0.839663 0.091182 0.054327
1 0.572560 0.710697 0.074058 0.046394
1 0.862158 0.512019 0.059932 0.043269
1 0.278682 0.605649 0.062500 0.044952
1 0.097389 0.531971 0.082620 0.054327
1 0.281464 0.498317 0.074058 0.041827
1 0.511344 0.412500 0.071490 0.052885
1 0.509846 0.289183 0.085616 0.059135
1 0.763913 0.152163 0.056935 0.057692
1 0.083262 0.116827 0.082620 0.057692
3 0.838185 0.761178 0.068493 0.044952
3 0.552654 0.593630 0.074486 0.046394
2 0.108733 0.763582 0.077055 0.046394
2 0.086045 0.636178 0.071062 0.054567
2 0.131849 0.418990 0.094178 0.056250
2 0.491224 0.513582 0.088613 0.040144
2 0.410103 0.646635 0.068493 0.043269
2 0.563998 0.776442 0.091182 0.043269
2 0.699700 0.645793 0.082620 0.041587
2 0.856592 0.599279 0.100171 0.048077
0 0.324486 0.144952 0.085616 0.062500
0 0.571062 0.155288 0.077055 0.067308
0 0.895120 0.281971 0.091610 0.051442
0 0.706764 0.361298 0.068493 0.059135
0 0.872217 0.409375 0.080051 0.043269
0 0.648330 0.459255 0.071490 0.046394
0 0.688356 0.559135 0.059932 0.038462
0 0.845248 0.676923 0.071490 0.043269
0 0.696490 0.732332 0.059932 0.041587
0 0.380137 0.796394 0.077055 0.057692
0 0.208690 0.708173 0.088613 0.038462
0 0.301370 0.396514 0.085616 0.046394
0 0.093108 0.310817 0.062928 0.048077
0 0.287243 0.290625 0.085616 0.052885
