0 0.108053 0.303082 0.054567 0.085616
0 0.209014 0.153039 0.054567 0.099743
0 0.330048 0.167380 0.046635 0.100171
0 0.301202 0.348673 0.046635 0.114298
0 0.212981 0.492723 0.052885 0.105308
0 0.094471 0.950771 0.062500 0.079623
0 0.230649 0.935146 0.056010 0.099743
0 0.258654 0.708048 0.057692 0.085616
0 0.382091 0.725385 0.051202 0.080051
0 0.345313 0.551156 0.051202 0.080051
0 0.406250 0.397046 0.057692 0.108305
0 0.497596 0.404324 0.048077 0.099743
0 0.444591 0.548373 0.054567 0.091610
0 0.651442 0.635488 0.048077 0.082620
0 0.740385 0.749572 0.052885 0.094178
0 0.566466 0.880993 0.054567 0.094178
0 0.821995 0.481164 0.049760 0.077055
0 0.781971 0.312928 0.056250 0.111301
0 0.664183 0.315711 0.051442 0.082620
0 0.602524 0.175942 0.040144 0.088185
1 0.783534 0.163099 0.049760 0.096747
1 0.870913 0.675300 0.051442 0.099743
1 0.866827 0.880779 0.052885 0.099743
1 0.630529 0.488442 0.044712 0.096747
1 0.432572 0.223031 0.046394 0.091610
1 0.477524 0.732449 0.056010 0.094178
1 0.465385 0.906464 0.048077 0.105736
1 0.361298 0.903682 0.076923 0.094178
1 0.128966 0.733947 0.070433 0.114298
3 0.590505 0.345676 0.044952 0.097175
3 0.693750 0.180223 0.052885 0.136986
2 0.523197 0.252997 0.051202 0.088185
2 0.713942 0.455693 0.038462 0.088613
2 0.533654 0.535531 0.043269 0.083048
2 0.568029 0.692637 0.048077 0.077055
2 0.635337 0.780822 0.051442 0.094178
2 0.699399 0.892337 0.054567 0.099743
2 0.106490 0.515411 0.061058 0.077055
