0 0.078981 0.143389 0.114298 0.059375
0 0.094606 0.284375 0.111301 0.062500
0 0.337115 0.316466 0.099743 0.056010
0 0.558433 0.269111 0.108305 0.054567
0 0.749572 0.162620 0.096747 0.075240
0 0.916524 0.263462 0.105308 0.062500
0 0.711045 0.356490 0.088185 0.059135
0 0.902183 0.387019 0.105736 0.052885
0 0.499786 0.403726 0.088613 0.051202
0 0.312928 0.437380 0.102740 0.051202
0 0.494221 0.506370 0.099743 0.051202
0 0.662457 0.463101 0.088613 0.064183
0 0.648330 0.556731 0.099743 0.052885
0 0.405608 0.725120 0.088613 0.056010
0 0.732449 0.736298 0.091610 0.059135
0 0.890839 0.668149 0.094178 0.054567
0 0.140197 0.636178 0.105736 0.060817
1 0.310146 0.174639 0.108305 0.064183
1 0.119007 0.418149 0.102740 0.054567
1 0.131635 0.531971 0.116866 0.057692
1 0.314426 0.545553 0.105736 0.056010
1 0.566995 0.704207 0.091182 0.056010
1 0.890839 0.850120 0.083048 0.059375
1 0.846533 0.493510 0.114298 0.067308
3 0.722389 0.649760 0.082620 0.049519
3 0.899401 0.757091 0.088185 0.056010
2 0.525471 0.148918 0.099743 0.054567
2 0.799443 0.579207 0.082620 0.056010
2 0.514127 0.595313 0.094178 0.049760
2 0.360017 0.633774 0.105308 0.049760
2 0.608305 0.790024 0.094178 0.044952
2 0.255779 0.704207 0.080051 0.049760
2 0.143193 0.763462 0.088613 0.052885
