0 0.097603 0.059976 0.094178 0.059375
0 0.761130 0.067187 0.102740 0.054567
0 0.562714 0.189784 0.082620 0.049760
0 0.902183 0.185096 0.116866 0.062500
0 0.338613 0.230769 0.096747 0.048077
0 0.308647 0.358894 0.083048 0.038462
0 0.491224 0.434255 0.088613 0.044952
0 0.659675 0.398197 0.088185 0.056010
0 0.886558 0.314784 0.096747 0.049760
0 0.660959 0.492668 0.085616 0.056010
0 0.876498 0.600120 0.088613 0.049760
0 0.725385 0.660937 0.116866 0.046394
0 0.736729 0.778846 0.088185 0.048077
0 0.792380 0.846875 0.091610 0.052885
0 0.625428 0.865385 0.077055 0.057692
0 0.468322 0.802764 0.077055 0.051202
0 0.317209 0.867668 0.077055 0.056010
0 0.125856 0.874038 0.077055 0.052885
0 0.240154 0.631370 0.083048 0.035337
1 0.335830 0.095192 0.091182 0.052885
1 0.144478 0.228245 0.091182 0.049760
1 0.117295 0.335577 0.077055 0.052885
1 0.118793 0.446995 0.097175 0.044952
1 0.308647 0.465505 0.077055 0.040144
1 0.568279 0.627284 0.082620 0.049760
1 0.702483 0.292308 0.077055 0.052885
1 0.842252 0.416587 0.082620 0.054327
1 0.889341 0.776322 0.074058 0.049760
1 0.408604 0.712260 0.082620 0.056250
1 0.261558 0.769231 0.091610 0.057692
2 0.529966 0.078486 0.085616 0.054567
2 0.116010 0.552043 0.091610 0.046394
2 0.361515 0.555168 0.097175 0.046394
2 0.728168 0.584014 0.100171 0.049760
2 0.829409 0.515986 0.080051 0.051202
2 0.579837 0.708173 0.082620 0.048077
2 0.130351 0.699519 0.080051 0.052885
3 0.502783 0.523077 0.065497 0.043269
3 0.877997 0.689784 0.074486 0.049760
