1 0.507091 0.895120 0.044952 0.083048
1 0.398918 0.876712 0.046394 0.102740
1 0.290745 0.879281 0.041587 0.085616
1 0.096875 0.929366 0.044712 0.077055
1 0.598437 0.699700 0.041587 0.080051
1 0.811659 0.729666 0.041587 0.071490
1 0.249159 0.471318 0.044952 0.091610
1 0.320433 0.293022 0.049519 0.071490
1 0.477404 0.123074 0.052885 0.080051
1 0.673798 0.380137 0.041827 0.085616
1 0.815625 0.116010 0.039904 0.077055
3 0.561538 0.469820 0.038462 0.065497
3 0.730649 0.118793 0.046394 0.088613
2 0.747596 0.417166 0.048077 0.080051
2 0.630529 0.544092 0.044712 0.077055
2 0.744231 0.866652 0.048077 0.082620
2 0.611298 0.886558 0.054327 0.083048
2 0.612981 0.255779 0.048077 0.071490
2 0.561538 0.134418 0.048077 0.068493
2 0.378125 0.469820 0.043269 0.071490
2 0.148918 0.241652 0.049760 0.071490
0 0.904567 0.849529 0.041827 0.082620
0 0.901442 0.674015 0.048077 0.097175
0 0.842909 0.526969 0.049760 0.083048
0 0.763462 0.589897 0.057692 0.077055
0 0.683413 0.755351 0.041827 0.082620
0 0.891827 0.365796 0.048077 0.080051
0 0.807572 0.258562 0.046394 0.077055
0 0.875721 0.215753 0.038462 0.077055
0 0.702644 0.258776 0.035096 0.071490
0 0.647356 0.114512 0.037019 0.091182
0 0.535216 0.321490 0.036779 0.065925
0 0.429327 0.305865 0.052885 0.080051
0 0.474279 0.504067 0.046635 0.082620
0 0.490264 0.693921 0.046394 0.085616
0 0.377404 0.698202 0.038462 0.071062
0 0.266707 0.692423 0.054567 0.088613
0 0.118510 0.672517 0.052885 0.077055
0 0.118510 0.432791 0.065865 0.083048
0 0.245072 0.083262 0.049760 0.074058
0 0.371755 0.100385 0.049760 0.080051
