1 0.384495 0.235873 0.036779 0.077055
1 0.443870 0.081764 0.036779 0.071062
1 0.473438 0.241652 0.031971 0.065497
1 0.546394 0.419949 0.037019 0.057363
1 0.655409 0.419949 0.030529 0.068493
1 0.767548 0.616866 0.027404 0.062500
1 0.787500 0.060360 0.038462 0.079623
1 0.478245 0.715325 0.035337 0.053938
3 0.403005 0.472603 0.031971 0.059932
2 0.538462 0.103168 0.033654 0.068493
2 0.345192 0.355736 0.038462 0.077055
2 0.467067 0.409889 0.035096 0.071490
2 0.359736 0.588399 0.044952 0.062928
2 0.403726 0.708262 0.030529 0.062928
0 0.330889 0.711045 0.035337 0.062500
0 0.433413 0.582620 0.028846 0.068493
0 0.507933 0.551156 0.033654 0.074058
0 0.597716 0.579837 0.036779 0.062928
0 0.559255 0.716824 0.040144 0.080051
0 0.663462 0.718322 0.033654 0.077055
0 0.763462 0.464255 0.038462 0.065497
0 0.769231 0.267123 0.043269 0.077055
0 0.651322 0.232877 0.044952 0.065925
0 0.561659 0.255993 0.035337 0.059932
0 0.632091 0.077483 0.035337 0.079623
