0 0.134632 0.152163 0.082620 0.044712
0 0.298587 0.147356 0.080051 0.048077
0 0.459974 0.140865 0.071490 0.048077
0 0.645548 0.129688 0.077055 0.051202
0 0.310146 0.239543 0.080051 0.049760
0 0.230308 0.330048 0.085616 0.051442
0 0.641267 0.325240 0.085616 0.054327
0 0.829409 0.418269 0.091182 0.057692
0 0.408390 0.443750 0.077055 0.048077
0 0.308647 0.536779 0.088185 0.038462
0 0.484161 0.547957 0.079623 0.051202
0 0.649615 0.546394 0.080051 0.057692
0 0.840967 0.537620 0.091182 0.049760
0 0.837971 0.661058 0.091182 0.062500
1 0.820848 0.120192 0.080051 0.048077
1 0.839469 0.315625 0.077055 0.044712
2 0.835188 0.221034 0.079623 0.051202
2 0.658176 0.228245 0.080051 0.049760
2 0.491224 0.240264 0.088613 0.051202
2 0.141695 0.247596 0.079623 0.043269
2 0.438570 0.331731 0.074058 0.048077
2 0.626712 0.444591 0.085616 0.046394
2 0.198844 0.446995 0.091182 0.051202
2 0.144478 0.539183 0.080051 0.046635
2 0.462757 0.645793 0.088185 0.054567
2 0.636772 0.649038 0.082620 0.048077
