0 0.118793 0.121755 0.080051 0.051202
0 0.294521 0.116947 0.077055 0.044952
0 0.468322 0.116106 0.077055 0.046635
0 0.663955 0.112981 0.096747 0.062500
0 0.645548 0.306010 0.077055 0.038462
0 0.218750 0.305168 0.074486 0.040144
0 0.301584 0.212260 0.080051 0.046635
0 0.405822 0.433413 0.077055 0.039904
0 0.833690 0.411779 0.065497 0.048077
0 0.839469 0.536779 0.083048 0.048077
0 0.633990 0.548077 0.088185 0.048077
0 0.454195 0.532813 0.083048 0.046394
0 0.281678 0.526442 0.085616 0.043269
0 0.304366 0.611298 0.068493 0.043269
0 0.484161 0.735577 0.068493 0.048077
0 0.659675 0.730649 0.065925 0.054567
0 0.812500 0.656971 0.068493 0.041827
0 0.825128 0.731490 0.071490 0.037019
0 0.167380 0.709856 0.079623 0.041827
0 0.270120 0.780409 0.074486 0.044952
2 0.126070 0.221154 0.082620 0.048077
2 0.475599 0.218750 0.079623 0.043269
2 0.665454 0.214663 0.088613 0.044712
2 0.846747 0.212260 0.085616 0.046635
1 0.843750 0.106490 0.079623 0.043269
1 0.835188 0.306851 0.074486 0.049760
2 0.432791 0.313221 0.096747 0.043269
2 0.175942 0.424639 0.079623 0.044952
2 0.615368 0.437500 0.091182 0.048077
2 0.108947 0.519231 0.065497 0.038462
2 0.116010 0.613702 0.085616 0.044712
2 0.435574 0.635337 0.062928 0.046635
2 0.616866 0.636899 0.088185 0.046394
2 0.348673 0.697837 0.071490 0.043269
1 0.381421 0.811659 0.074486 0.040144
