0 0.106164 0.463101 0.094178 0.051202
0 0.535531 0.432572 0.085616 0.044952
0 0.297089 0.558413 0.077055 0.039904
0 0.718322 0.551202 0.085616 0.038462
0 0.645548 0.640986 0.094178 0.041587
0 0.653896 0.733894 0.071490 0.048077
0 0.825342 0.730649 0.094178 0.051202
0 0.479880 0.740264 0.071062 0.041587
0 0.295805 0.749880 0.079623 0.044952
2 0.120291 0.760337 0.065925 0.043269
2 0.107449 0.566466 0.074486 0.046394
1 0.120291 0.663341 0.100171 0.041587
1 0.293022 0.655409 0.074058 0.041587
1 0.472817 0.651442 0.080051 0.033654
1 0.806721 0.637740 0.080051 0.038462
1 0.516909 0.555288 0.065497 0.043269
1 0.321490 0.439063 0.068493 0.031971
