2 0.342067 0.415668 0.057692 0.077055
2 0.584856 0.073202 0.043269 0.083048
2 0.491106 0.478596 0.038462 0.077055
2 0.351683 0.718322 0.044712 0.077055
2 0.405409 0.865154 0.046394 0.074486
0 0.702644 0.051798 0.038462 0.102740
0 0.735577 0.260060 0.043269 0.091182
0 0.613702 0.272902 0.046635 0.088613
0 0.535216 0.652611 0.040144 0.088613
0 0.665024 0.686858 0.046394 0.082620
0 0.750721 0.886558 0.048077 0.094178
0 0.882212 0.529752 0.057692 0.105736
0 0.891827 0.270120 0.048077 0.100171
0 0.442188 0.700985 0.036779 0.065497
0 0.314784 0.873716 0.044952 0.085616
0 0.617668 0.866652 0.041587 0.082620
3 0.405288 0.548373 0.043269 0.068493
1 0.887740 0.735445 0.037019 0.094178
1 0.738702 0.469820 0.056250 0.099743
1 0.595192 0.484161 0.038462 0.077055
1 0.501442 0.876498 0.052885 0.097175
1 0.905409 0.026113 0.036779 0.045377
1 0.500721 0.260060 0.048077 0.074058
1 0.463101 0.060360 0.046394 0.079623
1 0.386178 0.252997 0.049760 0.088185
