0 0.107449 0.144952 0.079623 0.049519
0 0.278682 0.134495 0.068493 0.054567
0 0.445634 0.128846 0.088185 0.052885
0 0.636772 0.115264 0.082620 0.051202
0 0.636772 0.312500 0.082620 0.048077
0 0.819349 0.406971 0.094178 0.048077
0 0.295805 0.223438 0.079623 0.040144
0 0.213185 0.316466 0.085616 0.040144
0 0.397046 0.435096 0.082620 0.043269
0 0.297303 0.531971 0.071490 0.048077
0 0.458476 0.542428 0.068493 0.046394
0 0.638271 0.543990 0.079623 0.046635
0 0.842252 0.524760 0.082620 0.052885
0 0.832406 0.653726 0.080051 0.054567
0 0.312928 0.612861 0.068493 0.036779
1 0.809503 0.108053 0.068493 0.046394
1 0.828125 0.304327 0.082620 0.048077
2 0.119007 0.237861 0.085616 0.046394
2 0.464255 0.228365 0.074058 0.052885
2 0.643836 0.217067 0.068493 0.049519
2 0.822346 0.206731 0.071062 0.048077
2 0.422731 0.319712 0.082620 0.043269
2 0.614084 0.436538 0.088613 0.043269
2 0.181721 0.436659 0.097175 0.049760
2 0.121789 0.532813 0.080051 0.040144
2 0.126070 0.626442 0.071490 0.048077
2 0.449914 0.644231 0.074486 0.048077
2 0.632491 0.644111 0.091182 0.051202
