1 0.130351 0.564784 0.080051 0.040144
1 0.301370 0.532813 0.068493 0.040144
1 0.514127 0.439784 0.071062 0.046394
1 0.502568 0.310817 0.083048 0.054327
1 0.753853 0.168990 0.071062 0.049519
1 0.879495 0.530288 0.082620 0.038462
1 0.071918 0.159375 0.094178 0.052885
0 0.116010 0.341226 0.079623 0.041587
0 0.300086 0.312380 0.071062 0.041587
0 0.318707 0.427043 0.080051 0.036779
0 0.317209 0.173798 0.100171 0.056250
0 0.561216 0.175361 0.091610 0.049760
0 0.711045 0.383774 0.088185 0.056010
0 0.665454 0.491947 0.065497 0.044952
0 0.705265 0.578365 0.071490 0.038462
0 0.885060 0.295553 0.071490 0.056010
0 0.870719 0.418269 0.077055 0.048077
2 0.147474 0.455889 0.097175 0.049760
2 0.508562 0.535216 0.094178 0.054567
