1 0.813784 0.337260 0.083048 0.039904
1 0.795163 0.140986 0.080051 0.041587
2 0.452697 0.266707 0.080051 0.046394
2 0.628425 0.254688 0.077055 0.044952
2 0.803938 0.240264 0.085616 0.044952
2 0.415668 0.354808 0.108733 0.043269
2 0.605522 0.471154 0.099743 0.048077
2 0.623930 0.681851 0.080051 0.056010
2 0.435574 0.681010 0.080051 0.044712
2 0.166096 0.471875 0.094178 0.037019
2 0.108947 0.576082 0.099743 0.040144
2 0.104666 0.276322 0.074058 0.046394
0 0.080265 0.174519 0.065497 0.057692
0 0.255993 0.172957 0.085616 0.044952
0 0.427012 0.165024 0.074058 0.051202
0 0.608305 0.152163 0.071062 0.048077
0 0.268622 0.262740 0.071490 0.051442
0 0.197346 0.357212 0.083048 0.044712
0 0.625428 0.348558 0.083048 0.052885
0 0.816567 0.443029 0.088613 0.052885
0 0.388485 0.478245 0.082620 0.046394
0 0.837971 0.565625 0.097175 0.044712
0 0.830908 0.689784 0.111301 0.059375
0 0.630993 0.580048 0.077055 0.041827
0 0.449914 0.576803 0.085616 0.041587
0 0.281464 0.570553 0.080051 0.041587
0 0.295805 0.659375 0.068493 0.043269
