1 0.126070 0.089663 0.088613 0.044712
1 0.438356 0.096875 0.085616 0.043269
1 0.596961 0.097596 0.082620 0.057692
1 0.141695 0.632091 0.079623 0.046394
1 0.156036 0.832452 0.091182 0.043269
3 0.285745 0.083293 0.088613 0.041587
0 0.725385 0.135337 0.071490 0.049519
0 0.127354 0.188942 0.062928 0.038462
0 0.304366 0.193870 0.068493 0.044952
0 0.485659 0.186538 0.065497 0.052885
0 0.825342 0.206611 0.077055 0.051202
0 0.142979 0.273197 0.077055 0.049760
0 0.682363 0.322837 0.077055 0.043269
0 0.700985 0.405409 0.080051 0.051202
0 0.528467 0.401322 0.071490 0.046394
0 0.339897 0.392548 0.077055 0.041827
0 0.127354 0.399760 0.074058 0.049519
0 0.145976 0.521514 0.094178 0.046394
0 0.344392 0.626563 0.091182 0.041587
0 0.574058 0.501563 0.065925 0.051202
0 0.759632 0.627284 0.088613 0.046394
0 0.685360 0.717067 0.083048 0.039904
0 0.870719 0.812380 0.077055 0.054567
0 0.702483 0.814063 0.094178 0.054567
0 0.524187 0.822115 0.080051 0.057692
0 0.332834 0.821274 0.080051 0.056010
2 0.358519 0.289904 0.074058 0.048077
2 0.639769 0.217909 0.065497 0.044952
2 0.541096 0.292428 0.068493 0.049760
2 0.873716 0.308413 0.077055 0.062500
2 0.885060 0.412620 0.071490 0.049760
2 0.809503 0.505529 0.079623 0.043269
2 0.365796 0.501563 0.071490 0.044952
2 0.555437 0.620913 0.074058 0.049519
2 0.860873 0.713822 0.074486 0.046394
2 0.505565 0.717067 0.077055 0.039904
2 0.325771 0.723558 0.083048 0.043269
2 0.151755 0.734736 0.105736 0.049760
