3 0.113702 0.745291 0.046635 0.074486
0 0.237019 0.215753 0.052885 0.077055
0 0.213942 0.551156 0.048077 0.074058
0 0.219471 0.733733 0.052885 0.068493
0 0.216226 0.906678 0.040144 0.077055
0 0.296394 0.896618 0.039904 0.080051
0 0.423077 0.918022 0.043269 0.105736
0 0.551202 0.900685 0.049519 0.111301
0 0.651442 0.711045 0.038462 0.102740
0 0.841226 0.706764 0.046394 0.083048
0 0.841226 0.521404 0.046394 0.077055
0 0.835577 0.344392 0.048077 0.082620
0 0.833173 0.168664 0.033654 0.085616
0 0.739423 0.360017 0.038462 0.108733
0 0.651322 0.277183 0.041587 0.091182
0 0.525601 0.467038 0.040144 0.100171
0 0.422236 0.516909 0.051202 0.091182
0 0.418990 0.702483 0.048077 0.085616
0 0.435817 0.335830 0.043269 0.071490
0 0.342788 0.351455 0.043269 0.062500
0 0.161779 0.312928 0.046635 0.077055
1 0.124159 0.441353 0.044952 0.071062
1 0.127284 0.605308 0.044952 0.085616
1 0.117788 0.918022 0.048077 0.088613
1 0.652163 0.904966 0.039904 0.102740
1 0.854808 0.900899 0.048077 0.099743
2 0.752284 0.900685 0.044952 0.094178
2 0.744351 0.715325 0.041587 0.088185
2 0.738702 0.544092 0.049519 0.105308
2 0.731490 0.181721 0.041827 0.099743
2 0.644111 0.485659 0.040144 0.108305
2 0.524760 0.676798 0.051442 0.091610
2 0.533534 0.235873 0.046394 0.100171
2 0.433413 0.163099 0.041827 0.096747
2 0.334856 0.172945 0.049519 0.111301
2 0.316466 0.497003 0.041587 0.062500
2 0.315625 0.681079 0.046635 0.077055
2 0.244351 0.398545 0.044952 0.077055
