0 0.131635 0.187380 0.082620 0.044952
0 0.308647 0.188221 0.083048 0.049519
0 0.481378 0.182692 0.097175 0.057692
0 0.669521 0.175361 0.068493 0.046394
0 0.662457 0.378846 0.088613 0.043269
0 0.849529 0.483053 0.091182 0.036779
0 0.866652 0.603245 0.097175 0.040144
0 0.649615 0.633774 0.091182 0.049760
0 0.455693 0.600120 0.091182 0.046394
0 0.415668 0.500721 0.079623 0.052885
0 0.287243 0.596154 0.068493 0.048077
0 0.244435 0.382091 0.096747 0.046394
0 0.315711 0.281130 0.080051 0.036779
1 0.141695 0.292428 0.079623 0.049760
1 0.497003 0.284375 0.088185 0.046635
1 0.672517 0.279567 0.074486 0.052885
1 0.859375 0.269952 0.099743 0.037019
1 0.451199 0.385337 0.077055 0.039904
1 0.632705 0.501563 0.085616 0.035337
1 0.193065 0.499159 0.062500 0.046394
2 0.850813 0.375721 0.082620 0.049519
2 0.846533 0.161779 0.074058 0.041827
