1 0.042594 0.083293 0.084332 0.054567
1 0.887842 0.499880 0.094178 0.051202
1 0.482877 0.247596 0.077055 0.052885
1 0.762414 0.107332 0.071062 0.054567
1 0.495505 0.395673 0.074058 0.048077
1 0.257277 0.491947 0.071062 0.044952
1 0.056079 0.523197 0.085616 0.049760
1 0.248716 0.604928 0.071062 0.046394
2 0.086045 0.400481 0.088185 0.048077
2 0.481378 0.503966 0.091182 0.046394
2 0.719606 0.649760 0.077055 0.046635
2 0.876712 0.598558 0.094178 0.043269
2 0.404324 0.656971 0.080051 0.044712
2 0.059075 0.636899 0.085616 0.056010
0 0.708262 0.749159 0.088613 0.046394
0 0.879495 0.689063 0.082620 0.041587
0 0.709760 0.556010 0.085616 0.048077
0 0.656892 0.456731 0.088613 0.048077
0 0.701199 0.325240 0.085616 0.048077
0 0.897902 0.378966 0.091182 0.049760
0 0.912243 0.240385 0.068493 0.057692
0 0.551156 0.107212 0.099743 0.067308
0 0.280180 0.097716 0.088613 0.060817
0 0.063356 0.284375 0.111301 0.049519
0 0.261558 0.248317 0.079623 0.057692
0 0.287243 0.377284 0.113870 0.056010
3 0.880993 0.786779 0.085616 0.051442
3 0.554152 0.592067 0.071490 0.052885
