0 0.284247 0.107332 0.068493 0.054567
0 0.534033 0.120913 0.099743 0.056250
0 0.855094 0.241106 0.080051 0.059135
0 0.830908 0.366947 0.077055 0.051202
0 0.663955 0.321995 0.085616 0.051202
0 0.628211 0.441466 0.065497 0.046394
0 0.278682 0.367668 0.091610 0.046394
0 0.267337 0.256370 0.080051 0.044952
0 0.081764 0.286779 0.096747 0.051442
2 0.108947 0.387740 0.088613 0.041827
2 0.465539 0.477524 0.088613 0.051202
1 0.051798 0.092067 0.083048 0.059135
1 0.478382 0.251563 0.091182 0.054567
1 0.718108 0.116947 0.074058 0.051202
1 0.826627 0.476683 0.091610 0.037019
1 0.481378 0.382212 0.062928 0.043269
