0 0.100385 0.155288 0.071490 0.048077
0 0.277397 0.149760 0.094178 0.043269
0 0.442637 0.147356 0.094178 0.054327
0 0.626712 0.140986 0.068493 0.044952
0 0.282962 0.241106 0.065925 0.046635
0 0.204409 0.334014 0.108305 0.056010
0 0.381421 0.458173 0.079623 0.048077
0 0.618365 0.334856 0.074058 0.048077
0 0.799443 0.438942 0.082620 0.048077
0 0.272902 0.546394 0.097175 0.041827
0 0.432791 0.559976 0.079623 0.046394
0 0.609803 0.566466 0.074058 0.046394
0 0.812500 0.562500 0.068493 0.048077
0 0.795163 0.680168 0.097175 0.046394
0 0.803724 0.760337 0.080051 0.049519
0 0.645334 0.760337 0.088613 0.046635
0 0.468322 0.764303 0.094178 0.054567
0 0.281678 0.630529 0.068493 0.039904
0 0.137414 0.739543 0.083048 0.046394
0 0.240154 0.811659 0.077055 0.046394
3 0.682363 0.859615 0.077055 0.043269
1 0.812500 0.138462 0.068493 0.052885
1 0.818065 0.337260 0.085616 0.046635
1 0.534033 0.850962 0.082620 0.048077
1 0.361515 0.846875 0.091182 0.043269
2 0.823844 0.239543 0.091182 0.049760
2 0.636772 0.242668 0.065497 0.046394
2 0.464041 0.251563 0.085616 0.051202
2 0.111729 0.249038 0.077055 0.052885
2 0.408390 0.342909 0.077055 0.054567
2 0.589897 0.458293 0.085616 0.044952
2 0.156036 0.449519 0.080051 0.043269
2 0.094606 0.547115 0.083048 0.043269
2 0.582620 0.663341 0.083048 0.051202
2 0.414170 0.663341 0.071490 0.051202
2 0.328767 0.733053 0.077055 0.040144
2 0.100385 0.641707 0.082620 0.036779
