1 0.819563 0.080048 0.082620 0.051442
1 0.822346 0.279567 0.083048 0.043269
1 0.568279 0.816466 0.065497 0.046394
1 0.386986 0.803606 0.085616 0.043269
2 0.832406 0.176923 0.080051 0.043269
2 0.648116 0.182572 0.094178 0.041587
2 0.455479 0.189904 0.085616 0.043269
2 0.101670 0.201082 0.074058 0.046394
2 0.401327 0.281971 0.062928 0.044712
2 0.602526 0.404567 0.071490 0.052885
2 0.158818 0.398918 0.091610 0.041587
2 0.094606 0.504808 0.071062 0.048077
2 0.103168 0.603245 0.077055 0.056010
2 0.429795 0.616106 0.085616 0.046635
2 0.609589 0.620913 0.068493 0.052885
2 0.345890 0.690625 0.077055 0.038462
0 0.632705 0.082452 0.085616 0.046635
0 0.442851 0.089663 0.082620 0.044712
0 0.261558 0.095192 0.068493 0.043269
0 0.097389 0.100841 0.088613 0.051202
0 0.282962 0.195433 0.077055 0.051442
0 0.191781 0.278005 0.077055 0.046394
0 0.388485 0.410938 0.088613 0.049760
0 0.635488 0.522356 0.074058 0.048077
0 0.836687 0.511058 0.088613 0.057692
0 0.822346 0.382212 0.094178 0.062500
0 0.639555 0.290024 0.111301 0.060817
0 0.452911 0.515865 0.085616 0.048077
0 0.275899 0.507933 0.080051 0.041827
0 0.295805 0.592067 0.074486 0.046635
0 0.170163 0.693870 0.080051 0.044952
0 0.260060 0.772356 0.082620 0.048077
0 0.816781 0.632091 0.077055 0.049760
0 0.830908 0.715385 0.077055 0.043269
0 0.668236 0.713942 0.077055 0.052885
0 0.486943 0.719471 0.074058 0.051442
