0 0.104666 0.155409 0.097175 0.044952
0 0.282962 0.161058 0.083048 0.052885
0 0.467038 0.156250 0.074486 0.052885
0 0.663955 0.149760 0.074486 0.046635
0 0.651113 0.354087 0.071062 0.044712
0 0.836473 0.459014 0.077055 0.049760
0 0.407106 0.481490 0.085616 0.049519
0 0.207192 0.352524 0.102740 0.044952
0 0.310146 0.262740 0.097175 0.044712
0 0.853810 0.586538 0.088613 0.048077
0 0.630993 0.606490 0.094178 0.049519
0 0.438356 0.586418 0.068493 0.041587
0 0.275685 0.579207 0.085616 0.040144
1 0.125856 0.262740 0.077055 0.048077
1 0.484161 0.262019 0.096747 0.043269
1 0.658390 0.249880 0.085616 0.041587
1 0.846747 0.252284 0.085616 0.036779
1 0.440068 0.355649 0.077055 0.051202
1 0.172945 0.469471 0.068493 0.041827
1 0.618365 0.481490 0.062928 0.046635
2 0.848031 0.350000 0.071062 0.043269
2 0.852312 0.142548 0.074486 0.054327
