1 0.097603 0.114423 0.077055 0.052885
1 0.779538 0.114543 0.065925 0.040144
1 0.529752 0.255529 0.091182 0.049519
1 0.542594 0.390865 0.088613 0.048077
1 0.913527 0.479928 0.077055 0.049760
1 0.335830 0.483053 0.080051 0.036779
1 0.330051 0.592067 0.079623 0.043269
1 0.143193 0.519952 0.065497 0.043269
3 0.605522 0.570433 0.071490 0.048077
3 0.925086 0.739543 0.065925 0.049760
0 0.338613 0.116827 0.091610 0.048077
0 0.575557 0.120192 0.062928 0.048077
0 0.912243 0.233894 0.085616 0.051442
0 0.730950 0.321995 0.088613 0.051202
0 0.910745 0.367668 0.082620 0.059375
0 0.698202 0.446995 0.074486 0.051202
0 0.746575 0.532813 0.085616 0.049760
0 0.916524 0.650601 0.077055 0.044952
0 0.340111 0.378846 0.088613 0.033654
0 0.311644 0.261058 0.059932 0.048077
0 0.127354 0.299639 0.091182 0.044952
2 0.158818 0.407813 0.091610 0.046394
2 0.758134 0.616106 0.074486 0.039904
2 0.888271 0.563341 0.083048 0.040144
2 0.538527 0.490385 0.068493 0.048077
2 0.486943 0.634615 0.080051 0.048077
2 0.151541 0.623317 0.077055 0.041827
