0 0.204207 0.378639 0.041587 0.065497
0 0.213101 0.562714 0.040144 0.080051
0 0.214663 0.726670 0.046635 0.071490
0 0.217067 0.905180 0.044712 0.074058
0 0.309255 0.713827 0.036779 0.074058
0 0.402163 0.797945 0.043269 0.094178
0 0.526442 0.613870 0.048077 0.085616
0 0.405288 0.375642 0.052885 0.088613
0 0.503966 0.187286 0.051202 0.082620
0 0.622476 0.180223 0.051202 0.091610
0 0.628966 0.380137 0.044952 0.085616
0 0.625721 0.548373 0.041827 0.074486
0 0.613702 0.713827 0.039904 0.074058
0 0.693750 0.699700 0.043269 0.062928
0 0.828486 0.511344 0.040144 0.080051
0 0.823558 0.334332 0.043269 0.085616
0 0.821154 0.174658 0.038462 0.085616
0 0.741106 0.180223 0.051442 0.085616
1 0.194712 0.188784 0.048077 0.068493
1 0.396514 0.190283 0.044952 0.082620
2 0.293990 0.188784 0.048077 0.074486
2 0.302885 0.372860 0.043269 0.077055
2 0.311659 0.541310 0.044952 0.065497
2 0.404567 0.586901 0.048077 0.071062
2 0.316466 0.893622 0.044952 0.080051
2 0.516707 0.832192 0.041587 0.094178
2 0.527163 0.405822 0.052885 0.085616
2 0.725120 0.397046 0.041587 0.091182
2 0.725962 0.563998 0.033654 0.082620
2 0.793149 0.659675 0.046394 0.068493
2 0.707452 0.885060 0.044712 0.074058
2 0.609615 0.885060 0.048077 0.080051
