2 0.593964 0.673798 0.071490 0.046635
2 0.412885 0.671394 0.080051 0.044712
2 0.096104 0.656971 0.074058 0.044712
2 0.080479 0.558413 0.071062 0.046635
2 0.140197 0.462260 0.082620 0.046635
2 0.572774 0.459856 0.085616 0.044712
2 0.374358 0.342909 0.088613 0.044952
2 0.077483 0.261178 0.088185 0.041587
2 0.435574 0.241827 0.074058 0.041827
2 0.606592 0.230649 0.068493 0.041587
2 0.789598 0.226683 0.074058 0.039904
1 0.797945 0.128966 0.119863 0.065625
1 0.793878 0.327644 0.082620 0.056250
0 0.827911 0.768389 0.077055 0.056010
0 0.796661 0.678486 0.088185 0.049760
0 0.800942 0.557572 0.085616 0.051202
0 0.789384 0.431851 0.119863 0.049760
0 0.609589 0.574399 0.085616 0.046394
0 0.595462 0.334856 0.091610 0.048077
0 0.582620 0.133654 0.071062 0.043269
0 0.404110 0.143269 0.085616 0.043269
0 0.360017 0.463822 0.094178 0.049760
0 0.430009 0.566466 0.097175 0.040144
0 0.265839 0.557692 0.083048 0.038462
0 0.287243 0.627404 0.074486 0.043269
0 0.161601 0.335577 0.074058 0.043269
0 0.252997 0.251563 0.074486 0.051202
0 0.234375 0.149639 0.082620 0.046394
0 0.074486 0.163462 0.094178 0.048077
