1 0.125856 0.097716 0.077055 0.044952
1 0.444349 0.107332 0.068493 0.044952
1 0.596747 0.101683 0.077055 0.043269
1 0.144692 0.632091 0.085616 0.046394
1 0.157534 0.831611 0.077055 0.044952
3 0.282962 0.091346 0.071062 0.048077
0 0.141695 0.195433 0.074486 0.048077
0 0.311644 0.192308 0.077055 0.038462
0 0.497003 0.186538 0.071062 0.043269
0 0.732449 0.132933 0.057363 0.041827
0 0.833904 0.210697 0.059932 0.049760
0 0.142979 0.272356 0.077055 0.041827
0 0.127568 0.399760 0.068493 0.052885
0 0.342894 0.399760 0.083048 0.052885
0 0.524187 0.399038 0.080051 0.048077
0 0.686644 0.326803 0.068493 0.044952
0 0.695420 0.411779 0.091182 0.054327
0 0.574058 0.503125 0.088185 0.051442
0 0.141695 0.527163 0.091610 0.041827
0 0.334332 0.630529 0.071062 0.049519
0 0.768193 0.631370 0.088613 0.051202
0 0.688356 0.719471 0.077055 0.054327
0 0.875214 0.816466 0.080051 0.049760
0 0.699486 0.815625 0.077055 0.057692
0 0.524187 0.820433 0.091182 0.051442
0 0.332834 0.824399 0.074058 0.049760
2 0.364298 0.293990 0.068493 0.046635
2 0.552868 0.289062 0.074058 0.046394
2 0.644050 0.221154 0.074058 0.038462
2 0.885274 0.309135 0.077055 0.048077
2 0.888271 0.414183 0.059932 0.043269
2 0.815068 0.512019 0.068493 0.043269
2 0.371361 0.507933 0.082620 0.044712
2 0.555437 0.620192 0.074058 0.038462
2 0.866438 0.716226 0.068493 0.054567
2 0.518408 0.724279 0.074486 0.048077
2 0.331550 0.729087 0.088613 0.051442
2 0.141695 0.736298 0.085616 0.046635
