2 0.110445 0.257933 0.068493 0.038462
2 0.477098 0.251442 0.088613 0.048077
2 0.656678 0.242668 0.077055 0.046394
2 0.845034 0.233053 0.077055 0.046394
2 0.424229 0.348558 0.074486 0.043269
2 0.619649 0.468630 0.071490 0.036779
2 0.174658 0.468630 0.077055 0.046394
2 0.113228 0.562380 0.080051 0.041587
2 0.124572 0.663341 0.102740 0.044952
2 0.447132 0.676202 0.074058 0.041827
2 0.623930 0.680168 0.074058 0.049760
2 0.354452 0.745913 0.059932 0.043269
1 0.829409 0.128125 0.091182 0.048077
1 0.846533 0.338822 0.080051 0.046394
0 0.648330 0.140865 0.088613 0.048077
0 0.452697 0.148197 0.091182 0.049760
0 0.270120 0.147356 0.091610 0.044712
0 0.093322 0.153005 0.085616 0.040144
0 0.290026 0.250721 0.074058 0.043269
0 0.208904 0.342788 0.077055 0.038462
0 0.398545 0.470313 0.074486 0.046394
0 0.297089 0.564063 0.094178 0.041587
0 0.314426 0.650481 0.082620 0.048077
0 0.180223 0.757933 0.083048 0.044712
0 0.301584 0.828486 0.091182 0.041587
0 0.504281 0.781971 0.085616 0.044712
0 0.461259 0.574519 0.074058 0.043269
0 0.643836 0.350000 0.085616 0.052885
0 0.833690 0.443029 0.082620 0.046635
0 0.848031 0.567187 0.088185 0.051202
0 0.648330 0.582452 0.099743 0.046635
0 0.845034 0.696154 0.094178 0.043269
0 0.848031 0.770673 0.083048 0.038462
0 0.689640 0.774760 0.091610 0.052885
