1 0.104666 0.121755 0.097175 0.054567
1 0.525685 0.272356 0.077055 0.054327
1 0.766695 0.134615 0.079623 0.048077
1 0.534247 0.406971 0.077055 0.051442
1 0.885274 0.496755 0.094178 0.044952
1 0.322774 0.496755 0.077055 0.044952
2 0.163099 0.416587 0.077055 0.051442
2 0.519906 0.500721 0.065497 0.039904
0 0.678082 0.459856 0.085616 0.051442
0 0.718108 0.341346 0.080051 0.057692
0 0.895120 0.389423 0.074486 0.048077
0 0.909461 0.261178 0.062928 0.051202
0 0.575342 0.135337 0.068493 0.049519
0 0.333048 0.133774 0.085616 0.056010
0 0.318493 0.273197 0.068493 0.049760
0 0.333048 0.397356 0.085616 0.044712
0 0.135916 0.308413 0.080051 0.052885
