0 0.155822 0.405409 0.085616 0.044952
0 0.148759 0.534375 0.082620 0.043269
0 0.552654 0.509495 0.079623 0.041587
0 0.324272 0.620913 0.074058 0.043269
0 0.730950 0.626563 0.082620 0.044952
0 0.656678 0.710697 0.077055 0.040144
0 0.833690 0.803606 0.082620 0.039904
0 0.663955 0.802885 0.068493 0.048077
0 0.504067 0.806010 0.056935 0.048077
0 0.324272 0.809976 0.062928 0.049760
2 0.150257 0.629808 0.091610 0.038462
2 0.161815 0.810817 0.085616 0.038462
1 0.148759 0.718630 0.082620 0.046394
1 0.325771 0.717067 0.088185 0.039904
1 0.501498 0.717067 0.074058 0.037019
1 0.828125 0.708173 0.071490 0.038462
1 0.532748 0.626563 0.074058 0.041587
1 0.776755 0.516707 0.088613 0.036779
1 0.351455 0.504687 0.077055 0.041587
