0 0.197346 0.200240 0.077055 0.041827
0 0.357235 0.200240 0.071490 0.048077
0 0.515411 0.191466 0.068493 0.046394
0 0.676798 0.180288 0.077055 0.052885
0 0.374358 0.285096 0.082620 0.038462
0 0.309932 0.372596 0.085616 0.052885
0 0.686858 0.366106 0.080051 0.046635
0 0.479880 0.483053 0.083048 0.046394
0 0.863656 0.455769 0.091182 0.052885
0 0.875000 0.570433 0.085616 0.048077
0 0.695420 0.576803 0.074058 0.041587
0 0.523973 0.569712 0.068493 0.043269
0 0.370077 0.566466 0.074058 0.046394
0 0.860873 0.684976 0.085616 0.046394
2 0.211687 0.289904 0.065497 0.038462
2 0.537029 0.283534 0.071490 0.044952
2 0.699486 0.272356 0.077055 0.041827
2 0.863656 0.264303 0.080051 0.041587
2 0.491224 0.370913 0.082620 0.039904
2 0.267123 0.475120 0.085616 0.046394
2 0.208904 0.561659 0.059932 0.036779
2 0.515625 0.665024 0.074058 0.044952
2 0.678296 0.666587 0.074058 0.044712
2 0.663955 0.478365 0.062500 0.043269
1 0.886558 0.359615 0.113870 0.052885
1 0.856592 0.172957 0.065925 0.051202
