1 0.067423 0.145793 0.062928 0.044952
1 0.442637 0.281971 0.077055 0.054327
1 0.646832 0.153726 0.062500 0.041587
1 0.458476 0.392548 0.057363 0.035096
1 0.772260 0.472716 0.068493 0.035337
1 0.265839 0.477524 0.071062 0.041587
1 0.097603 0.500721 0.059932 0.043269
3 0.505565 0.548798 0.048801 0.037019
2 0.648330 0.592067 0.065497 0.039904
2 0.762414 0.548798 0.077055 0.033654
2 0.116010 0.400601 0.079623 0.031971
0 0.274401 0.382091 0.065925 0.040144
0 0.592466 0.441466 0.068493 0.046394
2 0.444135 0.485457 0.080051 0.041587
0 0.629709 0.518269 0.057363 0.033654
0 0.772474 0.375721 0.074058 0.043269
0 0.618365 0.334856 0.062928 0.048077
0 0.775257 0.259615 0.051370 0.048077
0 0.479880 0.159375 0.077055 0.046635
0 0.280180 0.155288 0.071490 0.048077
0 0.257277 0.279567 0.065925 0.039904
0 0.093108 0.303606 0.074058 0.046635
