1 0.063356 0.130529 0.059932 0.052885
1 0.458476 0.280288 0.074486 0.048077
1 0.465539 0.401442 0.071490 0.043269
1 0.793878 0.489423 0.065497 0.043269
1 0.265839 0.487139 0.077055 0.044952
1 0.087329 0.514423 0.068493 0.038462
1 0.693921 0.154567 0.059932 0.046635
3 0.512628 0.567308 0.056935 0.038462
2 0.652611 0.616947 0.062928 0.041587
2 0.788099 0.572837 0.077055 0.037019
2 0.101670 0.405288 0.074058 0.048077
0 0.285745 0.143269 0.071490 0.052885
0 0.084546 0.303606 0.062928 0.039904
0 0.260060 0.281370 0.071490 0.040144
0 0.274401 0.387019 0.088185 0.043269
0 0.641267 0.346875 0.085616 0.046635
0 0.808219 0.391707 0.077055 0.040144
0 0.605522 0.454207 0.065497 0.036779
0 0.645334 0.536779 0.088613 0.041827
0 0.796661 0.653846 0.059932 0.038462
0 0.815283 0.276322 0.062928 0.049760
0 0.508348 0.160096 0.071490 0.057692
