0 0.088827 0.181010 0.082620 0.054327
0 0.277183 0.176923 0.088613 0.052885
0 0.456978 0.168990 0.082620 0.049519
0 0.639555 0.155288 0.059932 0.048077
0 0.291524 0.270793 0.083048 0.041587
0 0.210188 0.363702 0.091610 0.041827
0 0.652397 0.361298 0.085616 0.056250
0 0.852312 0.459135 0.091610 0.062500
0 0.410103 0.487861 0.068493 0.049760
0 0.298801 0.583293 0.085616 0.044952
0 0.481378 0.592067 0.091182 0.046635
0 0.662457 0.592788 0.071490 0.048077
0 0.872217 0.589663 0.097175 0.054327
0 0.859375 0.708173 0.088613 0.048077
0 0.703981 0.794832 0.074058 0.044952
0 0.870933 0.792308 0.082620 0.052885
0 0.529752 0.806851 0.074058 0.046394
0 0.312928 0.670553 0.068493 0.036779
0 0.198844 0.790024 0.080051 0.044952
1 0.822346 0.144952 0.088185 0.049519
1 0.840753 0.353245 0.085616 0.049760
2 0.843750 0.248317 0.079623 0.054327
2 0.663955 0.261178 0.085616 0.054567
2 0.468536 0.265865 0.071490 0.038462
2 0.432791 0.368510 0.079623 0.038462
2 0.111729 0.281971 0.077055 0.038462
2 0.175942 0.487019 0.096747 0.038462
2 0.626712 0.483894 0.068493 0.041827
2 0.120291 0.591226 0.083048 0.041587
2 0.124572 0.685096 0.079623 0.043269
2 0.469820 0.698678 0.062928 0.051202
2 0.652611 0.700240 0.091182 0.048077
2 0.377140 0.774038 0.071062 0.048077
