0 0.311644 0.133654 0.077055 0.052885
0 0.551156 0.136178 0.082620 0.054567
0 0.889341 0.266707 0.080051 0.056010
0 0.699700 0.347716 0.082620 0.051202
0 0.875214 0.390144 0.097175 0.056250
0 0.653896 0.468630 0.071490 0.049760
0 0.695420 0.556731 0.062928 0.052885
0 0.293022 0.398197 0.074058 0.046394
0 0.278682 0.278726 0.074486 0.054567
0 0.088827 0.302885 0.105736 0.048077
2 0.492723 0.509615 0.068493 0.038462
2 0.117509 0.420553 0.082620 0.056010
3 0.565497 0.591226 0.083048 0.041587
1 0.755137 0.129808 0.085616 0.048077
1 0.070420 0.114543 0.097175 0.059375
1 0.495505 0.280409 0.091182 0.054567
1 0.504067 0.410216 0.080051 0.051202
1 0.875214 0.512019 0.091182 0.043269
1 0.285745 0.501442 0.082620 0.038462
1 0.106164 0.534375 0.094178 0.052885
