1 0.098887 0.142548 0.079623 0.048077
1 0.472817 0.285938 0.074058 0.040144
1 0.702483 0.169712 0.059932 0.048077
1 0.477098 0.408534 0.065497 0.044952
1 0.783818 0.499159 0.079623 0.040144
2 0.134418 0.406971 0.077055 0.044712
0 0.292808 0.394111 0.085616 0.044952
0 0.284247 0.290865 0.068493 0.043269
0 0.123288 0.308413 0.094178 0.046635
0 0.322774 0.165024 0.077055 0.054567
0 0.526969 0.170553 0.079623 0.049760
0 0.811002 0.281971 0.082620 0.051442
0 0.648116 0.354928 0.077055 0.036779
0 0.795377 0.401442 0.102740 0.052885
0 0.606807 0.460697 0.074058 0.049760
