0 0.301798 0.110457 0.091610 0.064183
0 0.559932 0.118510 0.077055 0.057692
0 0.897902 0.254688 0.074058 0.054567
0 0.699486 0.338822 0.094178 0.056010
0 0.885274 0.386058 0.094178 0.048077
0 0.654110 0.464663 0.077055 0.051442
0 0.700985 0.551923 0.074058 0.043269
0 0.875000 0.680168 0.085616 0.049760
0 0.712543 0.732332 0.062928 0.051202
0 0.208904 0.709014 0.094178 0.049760
0 0.087329 0.290024 0.102740 0.060817
0 0.297089 0.384495 0.094178 0.060817
1 0.054580 0.094471 0.082620 0.054327
1 0.492723 0.261178 0.091610 0.054567
1 0.768193 0.114543 0.099743 0.056010
1 0.505565 0.397356 0.088185 0.038462
1 0.278682 0.493510 0.102740 0.051442
1 0.077483 0.523197 0.088185 0.036779
1 0.275899 0.603365 0.108305 0.052885
1 0.569777 0.707452 0.102740 0.056250
1 0.882277 0.498317 0.094178 0.061058
3 0.863870 0.769952 0.085616 0.046635
0 0.277183 0.262740 0.088613 0.048077
2 0.413955 0.654567 0.071062 0.043269
2 0.715325 0.643269 0.085616 0.052885
2 0.863656 0.592788 0.091182 0.057692
2 0.104666 0.407813 0.091182 0.049760
2 0.073202 0.632091 0.079623 0.056010
2 0.491438 0.504687 0.077055 0.044952
