0 0.414170 0.628966 0.088613 0.036779
0 0.592466 0.660937 0.085616 0.056010
0 0.797945 0.636899 0.085616 0.059375
0 0.781036 0.514303 0.074058 0.051202
0 0.368579 0.528846 0.083048 0.038462
0 0.611087 0.418990 0.071490 0.046635
0 0.186002 0.411779 0.082620 0.035096
0 0.278682 0.322837 0.085616 0.033654
0 0.599743 0.219471 0.059932 0.051442
0 0.427012 0.225962 0.074058 0.048077
0 0.260060 0.230649 0.065497 0.051202
0 0.087543 0.233894 0.074058 0.044712
1 0.575557 0.531971 0.074058 0.044712
1 0.388699 0.421394 0.094178 0.044712
1 0.158818 0.531971 0.102740 0.051442
1 0.113228 0.333173 0.091182 0.048077
1 0.441353 0.330889 0.091610 0.046394
1 0.615582 0.319712 0.085616 0.043269
1 0.798159 0.321274 0.125428 0.065625
2 0.786601 0.214663 0.091182 0.044712
2 0.789598 0.411779 0.074058 0.044712
