1 0.087543 0.095312 0.091182 0.059375
1 0.769478 0.119231 0.062928 0.052885
1 0.518408 0.256370 0.079623 0.054567
1 0.521190 0.388462 0.091182 0.052885
1 0.301370 0.479087 0.085616 0.041827
1 0.117295 0.511178 0.094178 0.044952
1 0.300086 0.585697 0.094178 0.046394
1 0.885274 0.481490 0.077055 0.049519
0 0.331550 0.108053 0.105736 0.056010
0 0.576841 0.120192 0.088613 0.057692
0 0.903682 0.244351 0.074486 0.059375
0 0.718322 0.323678 0.085616 0.054567
0 0.888057 0.369351 0.082620 0.049760
0 0.671019 0.448678 0.065497 0.044952
0 0.108733 0.288341 0.077055 0.051202
0 0.298587 0.257933 0.080051 0.051442
0 0.319991 0.372476 0.071490 0.049760
0 0.714041 0.538341 0.077055 0.044952
0 0.879495 0.654567 0.071490 0.037019
3 0.876498 0.745913 0.065497 0.056250
0 0.732449 0.715385 0.068493 0.043269
3 0.575342 0.567308 0.068493 0.048077
2 0.865154 0.567187 0.083048 0.044952
2 0.726670 0.621755 0.074058 0.051202
2 0.438356 0.632933 0.068493 0.038462
2 0.507063 0.490264 0.074058 0.051202
2 0.111729 0.617788 0.088185 0.043269
2 0.135916 0.398077 0.091182 0.052885
