0 0.114512 0.438221 0.082620 0.046635
0 0.314426 0.415745 0.088613 0.049760
0 0.130351 0.556731 0.091182 0.043269
0 0.553938 0.536779 0.077055 0.051442
0 0.744007 0.652163 0.102740 0.051442
0 0.321490 0.654567 0.091610 0.033654
0 0.332834 0.836418 0.091182 0.044952
0 0.515625 0.834014 0.097175 0.049760
0 0.682577 0.831611 0.082620 0.051202
0 0.855094 0.831611 0.080051 0.035337
0 0.668236 0.742788 0.065925 0.043269
1 0.341610 0.539183 0.068493 0.043269
1 0.773759 0.539183 0.082620 0.049519
1 0.532748 0.651322 0.074058 0.040144
1 0.839469 0.736298 0.083048 0.043269
1 0.486943 0.742668 0.056935 0.040144
1 0.311644 0.746635 0.077055 0.038462
1 0.134632 0.751442 0.082620 0.048077
2 0.131635 0.658654 0.065497 0.038462
2 0.157320 0.852404 0.071490 0.048077
