0 0.120291 0.196274 0.077055 0.040144
0 0.297303 0.200240 0.088613 0.044712
0 0.461259 0.201082 0.074058 0.049760
0 0.648330 0.196274 0.088613 0.046394
0 0.301584 0.298798 0.074058 0.046635
0 0.215967 0.385337 0.080051 0.043269
0 0.636986 0.396514 0.077055 0.049760
0 0.823844 0.497596 0.080051 0.043269
0 0.401327 0.513582 0.091182 0.049760
0 0.293022 0.601683 0.080051 0.049519
0 0.465753 0.608173 0.077055 0.052885
0 0.802440 0.619351 0.088613 0.046394
0 0.802440 0.737861 0.088613 0.049760
2 0.830908 0.394952 0.059932 0.039904
2 0.825128 0.186538 0.071490 0.043269
1 0.481164 0.297957 0.068493 0.041587
1 0.655394 0.293269 0.079623 0.038462
1 0.826627 0.296394 0.074486 0.041827
1 0.630993 0.523918 0.111301 0.054567
1 0.428510 0.397356 0.065925 0.051442
1 0.130351 0.302764 0.074058 0.051202
1 0.170377 0.502404 0.085616 0.043269
1 0.108947 0.597716 0.071490 0.044952
