2 0.104666 0.419832 0.080051 0.051202
2 0.091610 0.644231 0.094178 0.048077
2 0.429795 0.656971 0.068493 0.051442
2 0.728168 0.643389 0.088185 0.049760
2 0.877997 0.591226 0.085616 0.054567
2 0.501284 0.512740 0.079623 0.044712
3 0.569777 0.592788 0.074486 0.048077
1 0.281464 0.615264 0.074058 0.051202
1 0.287243 0.504687 0.091610 0.041587
1 0.090325 0.540745 0.085616 0.049760
1 0.893622 0.501563 0.082620 0.051202
1 0.512842 0.405409 0.102740 0.051202
1 0.494007 0.267548 0.094178 0.051442
1 0.759632 0.121755 0.065497 0.041587
1 0.051798 0.109736 0.083048 0.056010
0 0.300086 0.128125 0.083048 0.057692
0 0.553938 0.132091 0.094178 0.065625
0 0.905180 0.255529 0.082620 0.065865
0 0.708262 0.336418 0.082620 0.051202
0 0.883776 0.386899 0.080051 0.059375
0 0.662457 0.463822 0.065497 0.046394
0 0.709546 0.554447 0.080051 0.035337
0 0.886558 0.677885 0.079623 0.048077
0 0.298801 0.393389 0.085616 0.046394
0 0.275899 0.276442 0.074058 0.052885
0 0.084760 0.309135 0.085616 0.057692
