2 0.364298 0.301202 0.062500 0.051442
2 0.549872 0.296394 0.062928 0.051442
2 0.645334 0.228245 0.065497 0.056010
2 0.885060 0.313942 0.065497 0.048077
2 0.882277 0.411779 0.083048 0.048077
2 0.821062 0.513582 0.068493 0.049760
2 0.374358 0.504687 0.071490 0.044952
2 0.559717 0.620913 0.065497 0.043269
2 0.866652 0.709014 0.091182 0.049760
2 0.514127 0.717067 0.077055 0.056250
2 0.338613 0.724279 0.062500 0.044712
2 0.160103 0.733894 0.094178 0.041827
1 0.598459 0.099279 0.068493 0.041827
1 0.447132 0.108894 0.080051 0.044712
3 0.285959 0.089663 0.094178 0.051442
1 0.127354 0.103245 0.074058 0.049760
1 0.160317 0.630529 0.082620 0.039904
1 0.170163 0.830048 0.080051 0.044712
0 0.729452 0.139303 0.068493 0.044952
0 0.830908 0.217067 0.077055 0.049519
0 0.495719 0.187380 0.068493 0.044952
0 0.312928 0.194712 0.074486 0.052885
0 0.147474 0.195433 0.074058 0.048077
0 0.153039 0.274760 0.074058 0.043269
0 0.361087 0.398197 0.080051 0.049760
0 0.523973 0.400481 0.074486 0.048077
0 0.692423 0.323678 0.062928 0.044952
0 0.704195 0.409495 0.074486 0.040144
0 0.589683 0.497596 0.074058 0.043269
0 0.138699 0.405288 0.085616 0.048077
0 0.153039 0.527163 0.097175 0.038462
0 0.345676 0.627284 0.071490 0.046394
0 0.773759 0.628125 0.082620 0.051442
0 0.693921 0.716346 0.077055 0.048077
0 0.882491 0.809976 0.088613 0.046394
0 0.700985 0.813221 0.080051 0.056250
0 0.539812 0.818870 0.083048 0.054567
0 0.348459 0.823678 0.111301 0.051202
