0 0.157812 0.335830 0.041587 0.082620
0 0.167308 0.525471 0.038462 0.080051
0 0.165745 0.698202 0.041587 0.077055
0 0.176923 0.877997 0.057692 0.077055
0 0.271514 0.690925 0.041587 0.068493
0 0.362861 0.785317 0.044952 0.080051
0 0.487861 0.598245 0.035337 0.071490
0 0.592909 0.531250 0.040144 0.068493
0 0.576803 0.693921 0.059375 0.085616
0 0.367668 0.349957 0.044952 0.082620
0 0.470313 0.145976 0.051202 0.079623
0 0.596034 0.138699 0.040144 0.077055
0 0.717788 0.188784 0.052885 0.085616
2 0.148077 0.138699 0.038462 0.094178
2 0.362861 0.153039 0.054567 0.082620
1 0.257212 0.133134 0.048077 0.077055
1 0.265986 0.334332 0.046394 0.096747
1 0.265144 0.509846 0.041827 0.071062
1 0.371755 0.572774 0.046394 0.094178
1 0.276322 0.869435 0.051202 0.083048
1 0.482332 0.822132 0.036779 0.080051
1 0.580769 0.879281 0.048077 0.085616
1 0.493510 0.367295 0.049519 0.083048
0 0.608894 0.348673 0.049519 0.074058
