0 0.327055 0.121755 0.085616 0.054567
0 0.571062 0.136178 0.094178 0.060817
0 0.910745 0.268389 0.082620 0.059375
0 0.711045 0.348438 0.083048 0.049760
0 0.890839 0.393269 0.077055 0.043269
0 0.655394 0.463822 0.074486 0.040144
0 0.696704 0.555168 0.071490 0.046394
0 0.852312 0.676202 0.091610 0.048077
0 0.301370 0.387740 0.068493 0.038462
0 0.290026 0.272356 0.080051 0.044712
0 0.094606 0.293269 0.088185 0.038462
3 0.554152 0.586418 0.071490 0.044952
2 0.711045 0.642548 0.077055 0.041827
2 0.853810 0.594351 0.082620 0.041587
2 0.419949 0.646514 0.077055 0.049760
2 0.495505 0.506250 0.074058 0.038462
2 0.117509 0.406971 0.082620 0.038462
1 0.075985 0.100120 0.080051 0.046394
1 0.509846 0.271635 0.085616 0.052885
1 0.779538 0.128966 0.077055 0.049760
1 0.509846 0.402163 0.068493 0.041827
1 0.290240 0.497596 0.102740 0.043269
1 0.089041 0.525481 0.094178 0.038462
1 0.875000 0.505529 0.085616 0.049519
