2 0.370077 0.287500 0.062928 0.043269
2 0.554152 0.289904 0.065497 0.048077
2 0.648330 0.217788 0.071490 0.048077
2 0.883776 0.308413 0.080051 0.056250
2 0.893622 0.414183 0.071490 0.049519
2 0.818065 0.507933 0.068493 0.044712
2 0.368579 0.501442 0.071062 0.048077
2 0.559717 0.620913 0.071490 0.043269
2 0.880779 0.713101 0.097175 0.041587
2 0.519906 0.721875 0.071490 0.039904
2 0.334332 0.724279 0.088185 0.041827
2 0.151755 0.731490 0.071490 0.039904
3 0.290240 0.084014 0.085616 0.049760
1 0.434289 0.099279 0.065497 0.044712
1 0.593964 0.091346 0.071490 0.048077
1 0.121789 0.088942 0.080051 0.043269
1 0.151541 0.632933 0.094178 0.038462
1 0.163099 0.834014 0.094178 0.040144
0 0.732449 0.130529 0.068493 0.049519
0 0.833904 0.203486 0.059932 0.044952
0 0.486943 0.181851 0.091182 0.049760
0 0.304366 0.194591 0.074486 0.046394
0 0.133134 0.192308 0.074486 0.048077
0 0.150257 0.273197 0.085616 0.049760
0 0.131635 0.396635 0.082620 0.043269
0 0.147474 0.524760 0.080051 0.043269
0 0.347175 0.391707 0.096747 0.036779
0 0.535531 0.396514 0.074486 0.046394
0 0.712543 0.405409 0.080051 0.044952
0 0.695420 0.317308 0.074058 0.048077
0 0.583904 0.499159 0.085616 0.046394
0 0.334332 0.622476 0.094178 0.049760
0 0.775257 0.627404 0.091610 0.052885
0 0.693921 0.716226 0.088185 0.041587
0 0.879495 0.815625 0.082620 0.057692
0 0.705479 0.816466 0.077055 0.049760
0 0.531250 0.822115 0.083048 0.057692
0 0.340111 0.821995 0.071490 0.051202
