0 0.118510 0.302868 0.046635 0.062928
0 0.119231 0.494221 0.038462 0.074058
0 0.121635 0.672517 0.043269 0.094178
0 0.131370 0.856592 0.046394 0.079623
0 0.225841 0.658176 0.046394 0.082620
0 0.321995 0.751070 0.046394 0.097175
0 0.444712 0.563998 0.048077 0.082620
0 0.531130 0.679580 0.051202 0.080051
0 0.551202 0.501284 0.046635 0.077055
0 0.558413 0.325771 0.041827 0.074486
0 0.548798 0.119007 0.041827 0.094178
0 0.676202 0.121789 0.043269 0.088613
0 0.430168 0.121789 0.073798 0.088613
0 0.317188 0.310146 0.046394 0.122860
1 0.656971 0.347175 0.037019 0.065925
1 0.446995 0.344178 0.046394 0.094178
1 0.437380 0.799658 0.049760 0.102740
1 0.531130 0.858091 0.051202 0.099743
1 0.323558 0.532748 0.062500 0.099743
1 0.225841 0.485659 0.059375 0.074058
1 0.225120 0.301370 0.051202 0.077055
1 0.215505 0.120291 0.054567 0.068493
1 0.231490 0.846533 0.035096 0.088613
2 0.111298 0.121789 0.051442 0.088613
2 0.326082 0.127354 0.070433 0.116866
