2 0.080265 0.249880 0.082620 0.051202
2 0.434289 0.237019 0.082620 0.038462
2 0.625428 0.231490 0.094178 0.052885
2 0.811002 0.215385 0.088613 0.043269
2 0.387200 0.337260 0.074058 0.046635
2 0.143193 0.460697 0.099743 0.046394
2 0.585402 0.455769 0.071490 0.043269
2 0.084546 0.554447 0.080051 0.035337
2 0.093322 0.656971 0.085616 0.035096
2 0.427226 0.668990 0.085616 0.043269
2 0.604024 0.670553 0.085616 0.049760
1 0.813784 0.321154 0.083048 0.043269
1 0.792380 0.116106 0.091610 0.049519
0 0.067423 0.147356 0.097175 0.044712
0 0.245719 0.142548 0.077055 0.051442
0 0.418450 0.135337 0.080051 0.052885
0 0.609589 0.125721 0.085616 0.046635
0 0.614084 0.330048 0.082620 0.048077
0 0.175942 0.335697 0.096747 0.049760
0 0.260274 0.240385 0.077055 0.048077
0 0.368579 0.458293 0.088185 0.051202
0 0.255779 0.555168 0.074058 0.040144
0 0.437072 0.566466 0.071062 0.046394
0 0.612586 0.569591 0.068493 0.046394
0 0.810788 0.427885 0.077055 0.057692
0 0.835188 0.554327 0.113870 0.057692
0 0.815283 0.684255 0.091182 0.051202
0 0.835188 0.762740 0.091610 0.051442
0 0.668236 0.767548 0.088185 0.054327
0 0.481164 0.774760 0.085616 0.049519
