1 0.100171 0.170673 0.094178 0.043269
1 0.526969 0.314063 0.096747 0.054567
1 0.755351 0.177043 0.097175 0.049760
1 0.525471 0.437380 0.088613 0.041587
1 0.880779 0.530409 0.097175 0.054567
0 0.341396 0.434255 0.097175 0.041587
0 0.142979 0.348558 0.077055 0.043269
0 0.321490 0.320433 0.068493 0.044712
0 0.335830 0.180288 0.074058 0.052885
0 0.565497 0.188221 0.094178 0.068750
0 0.889555 0.296394 0.085616 0.057692
0 0.711045 0.382091 0.100171 0.056010
0 0.894050 0.418149 0.082620 0.044952
2 0.158818 0.452644 0.091610 0.056250
