0 0.160317 0.476683 0.088613 0.046635
0 0.596961 0.454207 0.099743 0.059375
0 0.790882 0.575240 0.082620 0.044712
0 0.716824 0.667428 0.082620 0.036779
0 0.360017 0.779567 0.088185 0.046635
0 0.556935 0.773077 0.088185 0.043269
0 0.733947 0.774038 0.088613 0.048077
0 0.916524 0.771635 0.100171 0.052885
0 0.354238 0.581611 0.099743 0.054567
1 0.384418 0.455889 0.085616 0.046394
1 0.577055 0.575240 0.077055 0.044712
1 0.900899 0.663341 0.074058 0.041587
1 0.345890 0.682572 0.100171 0.041587
1 0.524187 0.671394 0.080051 0.044712
1 0.171661 0.684976 0.105308 0.040144
2 0.166096 0.589663 0.094178 0.044712
2 0.181507 0.787500 0.085616 0.043269
