1 0.438356 0.100000 0.068493 0.043269
1 0.123074 0.093630 0.082620 0.040144
1 0.589897 0.092909 0.068493 0.044952
3 0.291524 0.085577 0.083048 0.052885
1 0.138913 0.627404 0.080051 0.043269
1 0.154538 0.831611 0.077055 0.044952
0 0.136130 0.187500 0.068493 0.048077
0 0.305651 0.188942 0.077055 0.048077
0 0.485659 0.178726 0.065497 0.049760
0 0.733947 0.131370 0.071490 0.054567
0 0.829409 0.206611 0.062928 0.044952
0 0.698202 0.318870 0.062500 0.035337
0 0.144478 0.273077 0.062928 0.052885
0 0.128425 0.395793 0.077055 0.044952
0 0.345890 0.398197 0.094178 0.056010
0 0.531250 0.396514 0.077055 0.046394
0 0.699700 0.405409 0.065497 0.044952
0 0.582620 0.503125 0.088185 0.051442
0 0.137414 0.522356 0.088185 0.038462
0 0.330051 0.624880 0.085616 0.044952
0 0.770976 0.624159 0.083048 0.059375
0 0.689640 0.715505 0.085616 0.046394
0 0.701199 0.814784 0.085616 0.046394
0 0.877997 0.806851 0.096747 0.056010
0 0.528253 0.816346 0.077055 0.043269
0 0.334332 0.824399 0.077055 0.046394
2 0.364298 0.288462 0.062500 0.038462
2 0.544092 0.292428 0.068493 0.049760
2 0.646832 0.218750 0.068493 0.043269
2 0.882277 0.310096 0.065925 0.052885
2 0.888057 0.408654 0.065497 0.038462
2 0.818065 0.507933 0.074486 0.038462
2 0.568279 0.621635 0.082620 0.048077
2 0.371361 0.507091 0.071490 0.046394
2 0.325771 0.726683 0.083048 0.043269
2 0.511344 0.719471 0.082620 0.044712
2 0.144692 0.734736 0.102740 0.040144
2 0.872217 0.716226 0.091182 0.054567
