3 0.287243 0.085577 0.079623 0.052885
1 0.444135 0.105649 0.062928 0.044952
1 0.593964 0.098437 0.082620 0.056010
1 0.123074 0.092067 0.071490 0.046635
1 0.150257 0.628966 0.079623 0.040144
1 0.155822 0.826803 0.085616 0.041587
0 0.726670 0.134495 0.062928 0.054567
0 0.830908 0.205889 0.083048 0.046394
0 0.487158 0.183413 0.068493 0.052885
0 0.308647 0.187380 0.077055 0.044952
0 0.133134 0.195433 0.079623 0.044712
0 0.147474 0.273918 0.091182 0.044952
0 0.127568 0.400481 0.085616 0.048077
0 0.344178 0.392548 0.085616 0.044712
0 0.532748 0.402163 0.097175 0.054327
0 0.706764 0.413462 0.096747 0.048077
0 0.692423 0.322837 0.074058 0.043269
0 0.154538 0.527163 0.100171 0.048077
0 0.578339 0.501563 0.085616 0.051202
0 0.339897 0.628846 0.094178 0.043269
0 0.773759 0.624159 0.088613 0.049760
0 0.692637 0.718630 0.068493 0.049760
0 0.885060 0.810817 0.088613 0.044712
0 0.703981 0.814784 0.062928 0.046394
0 0.531250 0.815625 0.071062 0.054327
0 0.337115 0.822115 0.088613 0.048077
2 0.639769 0.216226 0.065497 0.041587
2 0.542594 0.290024 0.065497 0.041587
2 0.374358 0.291587 0.088613 0.048077
2 0.880993 0.309255 0.068493 0.044952
2 0.886558 0.409375 0.068493 0.049519
2 0.819563 0.505529 0.065497 0.049519
2 0.369863 0.500721 0.085616 0.052885
2 0.563998 0.618510 0.091182 0.054327
2 0.868151 0.712260 0.094178 0.046635
2 0.509846 0.715505 0.085616 0.046394
2 0.337115 0.726683 0.082620 0.043269
2 0.153039 0.729087 0.097175 0.048077
