0 0.202911 0.490264 0.077055 0.044952
0 0.606807 0.450962 0.074058 0.043269
0 0.798159 0.570433 0.074058 0.038462
0 0.725385 0.653846 0.082620 0.038462
0 0.388485 0.577644 0.088613 0.039904
0 0.913527 0.739543 0.088185 0.046394
0 0.739726 0.745072 0.071062 0.041587
0 0.569777 0.748317 0.074486 0.054327
0 0.404538 0.757933 0.079623 0.051442
2 0.231592 0.773197 0.088185 0.049760
2 0.204409 0.584014 0.080051 0.040144
1 0.221533 0.680168 0.097175 0.046394
1 0.382705 0.673077 0.094178 0.038462
1 0.552654 0.660937 0.079623 0.046394
1 0.886558 0.646514 0.079623 0.040144
1 0.589683 0.569712 0.080051 0.043269
1 0.825128 0.455889 0.088613 0.046394
1 0.398545 0.462260 0.091610 0.049519
