1 0.036815 0.071514 0.072774 0.050240
1 0.492723 0.241106 0.096747 0.052885
1 0.781036 0.085577 0.091182 0.062500
1 0.515625 0.387019 0.097175 0.062500
1 0.920805 0.492668 0.091610 0.059375
1 0.605522 0.717909 0.082620 0.060817
1 0.268836 0.611298 0.094178 0.052885
1 0.064640 0.529567 0.085616 0.049519
1 0.277183 0.495913 0.105736 0.059135
3 0.923801 0.779567 0.085616 0.059135
0 0.290026 0.084856 0.097175 0.061058
0 0.558433 0.087260 0.091182 0.059135
0 0.261558 0.247476 0.102740 0.049760
0 0.063142 0.281971 0.088613 0.054327
0 0.933647 0.221875 0.100171 0.049519
0 0.725385 0.318750 0.099743 0.057692
0 0.922303 0.366106 0.088613 0.059135
0 0.685360 0.451803 0.094178 0.051202
0 0.729666 0.547236 0.114298 0.049760
0 0.919521 0.682572 0.094178 0.044952
0 0.755137 0.741947 0.085616 0.054567
0 0.284461 0.374159 0.097175 0.049760
3 0.578339 0.585697 0.091610 0.046394
2 0.507063 0.506250 0.097175 0.048077
2 0.432791 0.659375 0.091610 0.056250
2 0.749572 0.641827 0.085616 0.052885
2 0.898116 0.588101 0.085616 0.051202
2 0.084760 0.401442 0.102740 0.043269
2 0.074700 0.644952 0.105736 0.052885
