1 0.128853 0.100120 0.083048 0.049760
1 0.445634 0.105769 0.077055 0.048077
1 0.598459 0.100000 0.085616 0.052885
1 0.147474 0.633774 0.080051 0.046394
1 0.155822 0.828486 0.085616 0.051202
3 0.290240 0.090505 0.068493 0.046394
2 0.646832 0.221875 0.074486 0.043269
2 0.551370 0.296394 0.077055 0.051442
2 0.361515 0.290745 0.062928 0.040144
2 0.885060 0.313221 0.065497 0.043269
2 0.886558 0.412500 0.079623 0.043269
2 0.816567 0.512740 0.082620 0.048077
2 0.365796 0.505529 0.071490 0.039904
2 0.558005 0.623317 0.080051 0.048077
2 0.151541 0.734615 0.077055 0.043269
2 0.325771 0.725120 0.071062 0.046394
2 0.512842 0.723437 0.085616 0.046394
2 0.863656 0.716226 0.080051 0.051202
0 0.730950 0.136178 0.071490 0.051202
0 0.826627 0.210697 0.079623 0.046394
0 0.492723 0.188221 0.068493 0.046635
0 0.311430 0.194591 0.082620 0.056010
0 0.131635 0.195433 0.071490 0.048077
0 0.143193 0.271635 0.082620 0.052885
0 0.131635 0.401322 0.088613 0.046394
0 0.340111 0.398918 0.082620 0.041587
0 0.532748 0.396635 0.080051 0.043269
0 0.708048 0.408534 0.077055 0.044952
0 0.695420 0.328486 0.074058 0.044952
0 0.582620 0.506250 0.071062 0.038462
0 0.145976 0.528726 0.077055 0.044952
0 0.345890 0.628966 0.094178 0.040144
0 0.772260 0.631250 0.085616 0.048077
0 0.692423 0.719471 0.074058 0.051442
0 0.876712 0.814904 0.077055 0.052885
0 0.705265 0.820433 0.088613 0.057692
0 0.528467 0.818870 0.082620 0.054567
0 0.337329 0.821154 0.094178 0.052885
