0 0.676798 0.757933 0.094178 0.044712
0 0.872217 0.764303 0.074058 0.041587
0 0.855094 0.682572 0.080051 0.041587
0 0.653896 0.564784 0.082620 0.046394
0 0.866652 0.554327 0.074058 0.048077
0 0.851027 0.426202 0.077055 0.054327
0 0.655394 0.324519 0.085616 0.043269
0 0.401327 0.451803 0.080051 0.041587
0 0.464255 0.560817 0.062928 0.044712
0 0.295805 0.549639 0.079623 0.041587
0 0.317209 0.636899 0.077055 0.046394
0 0.659675 0.120072 0.088185 0.051202
0 0.459974 0.125721 0.082620 0.062500
0 0.282962 0.128966 0.077055 0.046394
0 0.103168 0.134615 0.077055 0.048077
0 0.288741 0.224279 0.071490 0.044712
0 0.211687 0.327644 0.082620 0.039904
1 0.855308 0.324399 0.085616 0.059375
1 0.850813 0.108894 0.071490 0.048077
2 0.856592 0.213822 0.083048 0.049760
2 0.668236 0.221034 0.071062 0.054567
2 0.475599 0.231490 0.068493 0.049519
2 0.117509 0.241827 0.082620 0.048077
2 0.431293 0.331731 0.088613 0.048077
2 0.628211 0.450962 0.088613 0.052885
2 0.174443 0.443750 0.099743 0.038462
2 0.120291 0.551202 0.094178 0.044712
2 0.127568 0.648918 0.085616 0.044952
2 0.457192 0.664423 0.094178 0.043269
2 0.645548 0.668149 0.094178 0.044952
