1 0.073202 0.159375 0.085616 0.056250
1 0.782534 0.168990 0.077055 0.056250
1 0.522688 0.314063 0.094178 0.044952
1 0.538313 0.443029 0.080051 0.046635
1 0.915026 0.536779 0.080051 0.044712
1 0.324486 0.545673 0.085616 0.043269
1 0.120291 0.579207 0.088185 0.040144
3 0.593964 0.624159 0.065497 0.036779
2 0.909461 0.627284 0.074058 0.049760
2 0.532748 0.548077 0.074058 0.048077
2 0.141695 0.463101 0.091610 0.044952
0 0.741010 0.587981 0.074486 0.048077
0 0.696918 0.502404 0.077055 0.043269
0 0.741010 0.380529 0.079623 0.049519
0 0.915026 0.420553 0.091182 0.046394
0 0.929366 0.286779 0.091610 0.057692
0 0.578339 0.169712 0.079623 0.067308
0 0.334332 0.173798 0.100171 0.059135
0 0.307363 0.314784 0.085616 0.046394
0 0.324486 0.437380 0.085616 0.044952
0 0.113228 0.352524 0.074058 0.051202
