1 0.044735 0.160216 0.056935 0.044952
1 0.427012 0.286058 0.056935 0.043269
1 0.649829 0.155288 0.085616 0.048077
1 0.445634 0.401322 0.071062 0.049760
1 0.760916 0.478245 0.080051 0.046394
1 0.258562 0.489543 0.068493 0.046394
1 0.098887 0.516707 0.057363 0.049760
0 0.247217 0.166587 0.074058 0.048077
0 0.242937 0.292308 0.048373 0.033654
0 0.087543 0.316346 0.080051 0.043269
0 0.258776 0.390144 0.074058 0.037019
0 0.599743 0.343630 0.059932 0.046394
0 0.763913 0.374880 0.080051 0.044952
0 0.769692 0.271514 0.085616 0.049760
0 0.468536 0.165024 0.082620 0.041587
0 0.582620 0.450962 0.083048 0.043269
2 0.108733 0.417428 0.059932 0.036779
2 0.441353 0.486298 0.062500 0.039904
